	0	1	2	3	4	5	6	7	8	9	10	11	12	13	14	15	16	17	18	19	20	21	22	23	24	25	26	27	28	29	30	31	32	33	34	35	36	37	38	39	40	41	42	43	44	45	46	47	48	49	50	51	52	53	54	55	56	57	58	59	60	61	62	63	64	65	66	67	68	69	70	71	72	73	74	75	76	77	78	79	80	81	82	83	84	85	86	87	88	89	90	91	92	93	94	95	96	97	98	99	100	101	102	103	104	105	106	107	108	109	110	111	112	113	114	115	116	117	118	119	120	121	122
0	0.0	53.763035	54.83646	90.764656	54.461	58.22543	93.40589	309.8759	214.69861	296.44943	140.46529	160.17058	241.97403	164.70732	195.7588	243.8203	219.25064	200.1182	211.25407	163.55635	213.02548	158.5578	255.65608	207.31232	219.06732	206.72784	210.39223	291.18024	226.21945	206.32877	181.88962	266.3746	273.01028	150.955	283.7704	259.64432	279.77432	195.20496	226.14687	163.98543	278.811	175.93062	250.22548	236.7373	230.07031	175.30615	285.94727	174.2668	203.73982	317.58823	127.95239	320.93182	114.91945	148.89285	118.71286	248.86945	79.953224	119.15068	155.12088	200.34619	208.0546	121.81997	279.96332	163.43274	162.79497	85.778206	159.7973	224.3691	294.76697	207.4833	262.76907	243.89001	306.8158	159.45634	184.48608	66.151726	94.38763	251.59354	112.4586	214.75534	307.34283	273.3764	190.62852	146.17195	242.16443	283.40863	245.84137	222.51059	214.64137	244.73192	184.61336	214.52502	307.51016	195.0889	151.69528	268.92712	330.6537	110.41909	278.092	197.29689	127.1985	105.24045	275.6801	448.30664	309.42346	203.13936	247.14175	165.29836	280.3762	72.477715	290.68872	224.62834	207.26268	254.71169	141.03645	256.5901	321.84747	100.932724	249.51614	147.44168	209.08455	279.1559	132.62604
1	53.763035	0.0	48.87168	81.24934	82.161545	54.91203	54.72505	257.48303	194.90231	248.35397	92.51828	128.77336	203.99869	149.01941	154.45692	213.38426	180.86938	171.57597	205.42256	138.78311	197.26189	148.23352	211.01422	178.9845	178.84344	157.83405	167.89977	251.4072	177.71521	175.76572	155.24493	231.05713	228.37137	149.40816	247.95361	209.61865	234.46521	155.9082	181.93306	126.09335	229.10666	128.02676	209.28394	201.20532	199.42754	147.74104	262.1002	149.76802	152.42021	286.7167	109.20455	274.1278	95.14769	157.01892	113.95157	237.37811	88.69971	138.26054	101.65342	182.5557	162.30894	92.33535	246.05598	143.53069	122.2101	71.42111	132.1999	178.34055	243.9345	198.46155	236.78105	229.9604	270.959	129.12552	140.0978	103.72221	119.46866	229.70036	86.722565	183.37857	266.71313	254.67896	150.13196	161.25685	224.73105	241.60287	218.2296	204.68938	181.99883	197.3573	180.23067	179.52223	272.19894	188.9972	132.31291	216.41692	289.75745	64.10659	224.49174	146.96617	134.6111	109.63508	224.20296	394.63663	262.30646	165.21375	272.3856	119.04298	233.27501	78.12077	253.3099	172.77904	170.998	215.659	98.88873	211.17145	280.25137	137.83778	204.02286	136.8934	155.4214	248.80745	86.29194
2	54.83646	48.87168	0.0	50.9144	51.592823	60.287647	61.003754	281.6063	173.02232	252.08607	116.23845	117.02805	205.7	120.11506	159.13759	199.38127	172.56049	149.85248	177.49141	135.84033	184.40172	128.50774	212.12329	170.75342	167.332	163.2632	178.80962	241.3029	188.22656	152.7541	133.81818	212.65512	223.76707	191.73363	238.28214	217.27003	235.6981	152.44467	179.27682	113.32446	243.31024	135.0491	210.22264	187.04082	187.23067	144.62341	252.72762	187.70319	188.41014	274.7885	140.15627	298.49945	136.76413	162.90565	102.928856	198.48058	58.789173	105.10862	132.82327	208.04794	198.8738	111.622604	277.36658	159.87708	158.23438	115.18863	180.95276	222.3146	278.05936	160.48311	209.87926	244.88121	292.855	161.95898	173.36458	107.536476	132.80792	263.65973	59.09812	197.21635	272.29797	226.00275	171.86957	134.02028	228.10228	280.29437	239.3845	168.88383	211.38673	214.21883	177.8948	218.36905	271.3056	223.46208	176.88428	233.96002	305.4607	108.480156	249.87402	170.87541	89.4296	62.295536	260.0271	420.31558	278.4314	210.91064	290.4319	163.32065	274.58243	89.69469	239.86594	206.79324	217.49518	233.95062	142.88452	241.16377	279.14386	104.58575	240.65128	95.49132	180.67877	255.24611	103.336
3	90.764656	81.24934	50.9144	0.0	57.049248	59.478146	52.70324	290.61682	194.47884	251.31198	106.77242	139.59465	228.43645	140.266	181.14474	215.34846	182.36023	157.4993	204.67831	172.7749	218.98378	164.29175	220.12059	198.12167	154.98404	161.14166	149.78781	212.42502	168.3764	126.82673	93.878815	190.91978	207.03511	220.82964	200.0652	204.62495	209.48369	120.1853	157.37785	94.308334	223.3253	120.88591	176.43304	154.29324	144.54172	101.928055	281.09344	228.6967	190.73816	290.7937	185.48161	320.43256	146.04137	213.70746	62.108654	191.3781	102.83237	73.83357	145.77429	254.2447	225.23657	154.5254	314.36777	205.66808	192.02339	149.9411	203.23865	235.03563	292.11716	166.27295	205.95589	291.8273	327.4094	150.87682	163.89726	117.46895	180.10664	306.55048	69.899666	234.87138	292.87338	234.42432	204.53477	173.4991	270.3328	308.2667	280.6853	150.84369	250.37543	233.36633	224.56096	253.56569	293.73434	268.53928	213.00764	237.32784	332.14615	136.38994	246.58405	189.53375	63.080017	74.46696	262.41937	418.9178	296.0635	218.21085	336.45065	183.82176	291.31857	139.94061	238.65926	220.51988	244.59662	265.27023	150.7594	267.41162	290.1846	137.22276	233.54192	80.52921	185.88092	289.1225	130.02391
4	54.461	82.161545	51.592823	57.049248	0.0	54.941364	89.44802	328.75333	214.9358	298.2375	144.93137	165.9443	256.54648	159.47197	210.48561	245.50192	220.22668	192.3359	211.31863	183.95105	227.31322	168.8991	260.93146	219.01369	206.20801	207.92273	199.32687	269.15256	220.30365	180.04724	149.63545	244.01622	261.13107	198.99042	256.30972	256.459	265.46777	176.03186	212.69244	147.84274	274.74753	171.26157	231.43463	211.03093	199.30975	149.42169	298.61502	223.5629	222.94899	320.91257	176.23532	348.6077	143.26955	189.90724	84.7216	221.06342	88.92514	65.85881	175.8754	246.90129	243.50507	157.68953	322.44128	202.79439	202.12071	135.4196	201.70866	255.68512	322.31757	187.84012	245.18617	284.97726	342.0054	168.94308	195.13226	74.44117	143.44739	301.13367	102.86384	246.18951	323.45618	261.6924	221.69739	155.08519	272.07248	323.40463	285.26065	191.39212	256.38397	265.09583	214.86264	259.1579	321.22256	248.94447	202.59958	280.2274	356.8284	146.18274	289.66055	219.76611	79.050705	80.18266	296.444	462.64056	329.4507	232.34062	294.36163	199.74138	313.8649	117.812614	282.70804	250.3031	250.6825	284.54135	166.75143	289.38794	328.27994	98.604836	264.65823	115.17015	224.31557	304.63794	153.75626
5	58.22543	54.91203	60.287647	59.478146	54.941364	0.0	56.18402	295.29193	230.11995	279.08057	100.42467	167.56746	249.71712	178.05946	199.45117	250.53549	215.76378	199.65442	237.70384	186.88264	241.06255	187.08923	247.63226	222.95796	196.25717	185.32724	160.57512	253.76105	185.95795	178.34207	142.79329	239.60893	243.6568	165.99106	237.88866	228.20528	238.76224	150.84058	190.67563	135.04823	237.3469	141.52657	202.2208	198.29126	182.1414	120.502625	307.06577	199.06523	175.61272	325.76987	160.5107	321.70972	92.75924	200.24036	65.98555	246.88884	114.97276	95.79755	138.75807	235.41255	209.5013	146.77135	298.96637	197.2986	173.74905	104.78214	156.51808	207.49289	282.75278	215.39041	256.54898	283.01602	324.7775	114.5697	142.96387	70.73343	148.90254	280.40457	107.466064	237.21059	312.89212	280.92352	202.92938	189.14029	276.4335	288.1177	273.13638	208.44121	235.98163	243.0046	227.40121	229.06258	317.9513	231.67088	170.79895	249.84352	340.4151	109.87918	249.0599	191.37656	113.95404	114.75772	249.33458	422.7979	307.57684	179.48271	298.3513	156.76462	269.8464	120.16665	280.66562	210.95625	209.67238	268.15488	115.05702	260.23666	319.55057	144.47122	211.86891	136.99776	187.84294	300.696	134.09724
6	93.40589	54.72505	61.003754	52.70324	89.44802	56.18402	0.0	246.44998	196.20096	223.58157	57.733356	128.27174	205.444	148.75014	154.54353	207.33987	166.67686	156.85902	215.86267	158.20026	214.53491	166.231	195.03265	185.84648	142.78485	129.6961	119.66469	203.28761	134.52937	132.66168	104.667404	189.6082	188.51598	190.51073	194.65787	172.92827	187.31664	103.317696	136.70497	83.19152	188.14879	86.35354	157.49178	151.00438	144.93372	95.39064	271.56088	191.2514	138.87341	281.3786	155.96753	278.51556	110.89034	205.20804	80.70329	216.25208	115.129364	121.2451	96.21468	225.04378	177.92229	127.43657	273.9993	181.74654	149.5329	118.919075	159.30629	182.52148	242.40002	188.28867	213.13394	269.4006	291.64807	113.19206	116.726654	126.40084	173.13396	269.92957	72.890785	206.91083	266.22235	244.17085	168.51335	189.4005	253.9521	260.19354	249.36316	173.1675	212.94653	196.10085	216.71591	209.92285	273.82086	238.7926	175.04782	197.0989	298.29144	91.49258	200.82405	146.53792	114.044205	107.89277	211.31355	374.39322	259.46442	169.14941	326.92987	133.1595	239.28297	129.03188	229.24673	170.48401	196.36002	230.91385	101.48282	223.11368	268.47836	165.36166	185.22888	112.29354	139.07837	265.757	94.68903
7	309.8759	257.48303	281.6063	290.61682	328.75333	295.29193	246.44998	0.0	253.94547	116.051056	207.00699	211.69232	160.9771	262.98648	157.80069	213.10217	177.9479	227.27216	304.3321	221.80435	259.88712	268.76877	132.7504	210.84154	193.5125	142.85631	216.39981	228.22023	168.97543	246.64102	267.59888	233.58917	174.88202	314.31622	262.46277	133.80959	192.17215	223.98552	187.17862	218.96349	159.57695	181.78271	225.47073	239.59712	271.91708	274.95554	248.00946	227.61406	147.49416	231.12517	242.89455	85.12303	276.27728	311.7135	317.26266	323.4824	296.15787	363.67267	157.91756	245.70612	133.37581	218.97423	185.47282	232.91415	176.16461	267.83032	245.22902	160.71962	68.81324	305.62903	260.81595	271.05988	173.4728	262.1949	206.55212	355.9995	330.03943	247.02353	248.23466	187.4019	146.7383	289.46436	155.4952	335.31622	254.98346	146.37823	207.89853	294.217	185.31447	94.16282	287.01813	184.0422	187.73708	296.3568	253.8616	62.318172	143.72868	208.81285	86.61928	115.528206	334.82632	306.89993	115.5312	154.47565	82.175804	220.16983	440.31094	174.69727	127.97934	284.6148	201.14175	98.45487	197.43748	143.5877	217.62628	104.56791	158.1544	364.8052	192.15747	292.47736	108.84583	201.40295	184.2118
8	214.69861	194.90231	173.02232	194.47884	214.9358	230.11995	196.20096	253.94547	0.0	186.42485	222.46315	74.101105	102.007904	56.504845	104.5172	54.06913	86.90668	62.299862	56.436783	85.29954	62.53105	69.34165	132.81505	53.474533	144.02989	159.16727	261.9616	234.2649	232.47577	161.56908	198.97104	176.04663	195.56882	320.37054	269.9659	215.04185	251.1053	217.59705	197.30727	158.49992	276.33246	189.97998	263.49982	209.26103	250.74605	257.44858	96.89736	238.14864	258.8001	114.72109	200.53954	245.4213	285.24872	189.26201	255.16173	121.545975	141.54358	246.95738	194.8532	214.31696	223.4267	149.84998	257.01093	158.32585	198.8718	241.09384	294.54956	293.07574	282.35983	80.5846	102.32589	204.87245	228.04787	301.25775	280.57977	277.27478	231.99762	276.40515	127.23748	142.13055	158.59598	74.85496	155.35474	131.67157	142.35585	289.14075	197.9467	137.51314	206.85287	166.16685	136.78305	247.54669	134.40503	283.5294	269.46814	211.87224	214.16411	206.37206	268.58063	173.82835	190.60721	142.62033	304.3474	398.1756	205.00418	318.85403	362.1577	241.06003	309.30707	183.17686	130.45361	234.75192	286.68097	172.2884	261.3493	223.2851	158.13934	188.84062	329.37122	139.40872	207.89902	146.70699	142.37575
9	296.44943	248.35397	252.08607	251.31198	298.2375	279.08057	223.58157	116.051056	186.42485	0.0	200.75125	162.66841	122.601395	200.51987	125.928566	138.28537	104.14242	149.1188	242.61153	194.28079	217.63846	225.16125	58.040108	163.70926	109.12914	94.04116	195.25507	141.97697	140.4316	164.64182	203.32748	131.8401	83.20942	354.28073	193.11914	84.40654	134.491	175.52147	123.15955	161.17427	145.78038	147.66414	179.97478	162.53345	211.2635	239.71422	200.15631	272.0624	188.1782	156.00433	263.60153	160.62749	296.85196	311.34567	286.6808	227.09885	262.65176	319.84995	169.85126	278.09732	192.03891	219.19882	252.46509	241.45601	210.7621	286.96497	292.9161	231.19089	176.10416	223.64372	157.94913	291.13382	221.24165	278.17484	227.80684	346.914	334.35242	306.46173	201.06195	195.01584	121.951454	197.21811	172.44955	295.5783	248.15291	239.06232	240.69446	201.46042	229.1449	106.356094	272.95197	246.2624	146.20297	341.05396	298.01282	73.748436	172.99614	225.32242	132.55928	133.521	277.33893	254.92986	192.62117	223.85901	110.49572	274.9089	467.76724	218.74956	226.75842	279.9519	91.75924	160.05621	266.1167	169.57248	244.49599	174.0807	88.409035	328.5284	241.42084	224.89018	128.43597	195.77763	172.90233
10	140.46529	92.51828	116.23845	106.77242	144.93137	100.42467	57.733356	207.00699	222.46315	200.75125	0.0	150.08626	205.71353	184.3782	155.4519	220.11133	171.24829	177.5331	252.43166	180.06245	240.36685	201.57988	183.98387	202.19313	140.85265	110.43467	80.08475	187.39912	93.924126	145.36305	120.61222	189.33107	169.4885	193.265	178.4073	138.77576	156.12486	88.44409	116.8542	93.60564	141.20488	61.42122	128.38347	145.73286	139.15007	92.366646	286.0614	189.5427	86.33559	288.4587	169.20618	250.80608	106.94297	237.00848	113.81328	249.19507	165.00288	170.82399	67.67733	232.57848	152.7734	144.90645	259.75882	197.3067	140.38739	132.80862	141.86253	138.39992	199.55867	226.11299	230.56564	281.85596	280.0416	85.08855	64.05306	166.21718	208.11818	265.06638	114.6377	210.89143	257.01453	268.87045	163.52473	236.58458	270.18777	230.51935	249.4641	201.44469	206.99564	176.90758	245.69286	194.53421	273.31927	245.83215	172.60907	161.15915	283.19455	89.001465	150.30287	124.22875	166.29419	161.68706	157.58519	324.36453	236.1878	129.0036	353.13968	104.293365	196.1892	164.9027	228.8482	130.38196	170.86703	221.64246	70.93502	198.27614	258.92047	220.4393	129.66641	156.09454	98.705765	268.87442	101.00746
11	160.17058	128.77336	117.02805	139.59465	165.9443	167.56746	128.27174	211.69232	74.101105	162.66841	150.08626	0.0	93.86145	53.677975	58.626434	84.85085	65.07853	55.802288	109.77891	55.69824	96.218376	69.48378	110.40643	59.562267	107.15747	103.50878	197.81277	203.40369	172.5991	128.30003	152.9993	158.48764	163.29208	257.46036	230.03882	166.94066	205.78456	160.5761	148.01695	102.428825	220.45975	124.82818	210.17786	170.0227	203.61018	197.14694	144.28566	185.83336	188.07497	159.16261	148.5919	216.42552	214.38351	167.32088	197.02432	150.46065	104.6857	204.42566	122.53704	181.26483	164.66682	93.99532	223.84448	123.994965	138.24467	177.08455	225.1701	224.24962	229.76051	110.05316	127.05889	195.53624	212.15585	228.33131	207.43547	221.93233	190.63107	239.22957	70.202034	119.028275	161.45644	135.36589	107.2076	134.54602	152.03696	240.30699	176.64081	135.81235	166.18713	127.36864	135.8525	195.24237	156.0924	239.15039	208.60869	165.33218	206.9527	135.69525	211.0928	113.52052	157.57335	111.03051	240.32489	359.10995	183.31125	245.87747	333.60645	170.97247	249.5053	135.49661	139.86795	172.12067	222.89412	148.13142	187.58002	178.92433	166.78258	169.16908	258.05048	110.62365	143.38605	155.55687	70.504135
12	241.97403	203.99869	205.7	228.43645	256.54648	249.71712	205.444	160.9771	102.007904	122.601395	205.71353	93.86145	0.0	131.13412	51.696087	67.269325	68.3916	106.70174	149.92802	92.48257	104.457436	129.33177	68.12127	57.47227	141.38121	121.59766	243.2407	226.36423	200.62723	187.39557	223.9218	186.4715	170.1004	303.60965	268.96237	169.33707	224.31216	215.0844	181.3327	168.98987	231.0407	171.73755	249.00888	216.45937	261.0007	265.6618	94.80024	198.24281	205.98198	101.7683	182.69473	144.14365	273.59308	206.96747	280.77798	202.93692	190.46829	296.74023	154.77504	180.08167	153.46455	137.97374	180.52106	139.6887	150.64034	232.76308	260.44742	231.00572	192.4861	172.80028	150.16748	177.56284	143.60692	284.01584	247.87018	304.64462	250.8523	223.08128	161.37743	86.77677	68.274025	148.72598	93.222244	201.26836	126.414925	205.0761	139.94534	198.16104	146.24213	73.14344	157.60483	185.3817	69.2845	257.22107	239.10687	134.0452	118.969086	183.10785	197.77245	106.610344	249.94617	204.42056	231.64551	307.75052	103.968925	274.04483	370.41925	193.63463	228.34831	200.67575	119.4506	162.05502	230.00842	84.52895	232.90253	134.16429	91.117424	253.32364	277.89917	198.46217	147.76486	84.710526	121.16334
13	164.70732	149.01941	120.11506	140.266	159.47197	178.05946	148.75014	262.98648	56.504845	200.51987	184.3782	53.677975	131.13412	0.0	109.12678	95.317924	97.47888	56.8345	71.73485	81.834305	92.49534	53.44438	149.69847	81.40865	129.73727	146.53134	228.14041	220.77638	209.1074	132.11888	157.75476	166.67172	190.46237	284.6452	245.03514	206.0294	234.81061	183.00574	176.1693	122.17254	259.43106	160.03705	235.34483	183.06932	215.0569	212.59914	149.52016	223.2981	235.66641	166.68732	178.5782	265.50116	242.26772	172.36531	201.77563	112.38766	93.115105	190.75505	169.9212	211.6372	215.78027	127.528915	267.52286	151.93068	183.96255	203.47614	263.03012	273.51105	283.41412	62.543293	114.034676	217.0573	252.79082	258.9047	246.25264	224.61357	197.0846	276.0641	76.72252	156.26254	196.35818	109.24169	155.47643	104.54619	167.32082	290.89963	212.03685	112.53226	208.50801	178.1229	138.53316	240.63776	180.61418	267.01376	243.30035	214.52835	247.23865	174.00752	260.38675	167.1006	135.84772	86.42021	291.583	408.00027	229.38393	288.60132	340.12335	217.17253	302.25232	146.6416	153.89995	225.04651	268.72278	192.22311	225.62161	230.31625	195.50806	142.93918	302.7005	88.76891	194.11646	183.39606	116.85396
14	195.7588	154.45692	159.13759	181.14474	210.48561	199.45117	154.54353	157.80069	104.5172	125.928566	155.4519	58.626434	51.696087	109.12678	0.0	85.50164	56.747906	89.96892	149.57906	70.62504	112.309975	111.80264	72.35897	61.453636	114.52176	85.9485	199.58868	205.11478	162.97485	156.06415	183.75667	169.7407	152.86885	260.9862	238.82198	144.59401	197.31783	173.17868	148.10059	126.56459	200.81123	126.84891	212.52617	184.92055	222.72488	218.67764	134.48695	169.51143	164.52615	144.40782	148.4813	158.10652	223.59888	185.55173	231.37616	193.90187	153.09232	251.70795	106.95109	165.79082	125.39215	99.542145	180.89667	119.31198	114.982025	187.34096	216.92372	194.62126	178.78741	160.29358	150.05704	180.81653	163.98439	233.63672	200.6063	256.417	215.12947	212.00854	117.482285	87.55133	113.86334	161.06717	68.65395	181.00491	141.20403	193.55424	144.19533	177.33858	132.98428	69.24508	150.28423	162.81699	120.924934	231.71968	201.32884	119.601006	153.47389	135.2364	173.00342	70.521935	209.89345	166.7925	202.60873	308.5944	125.781265	230.42542	346.3557	151.17067	205.88258	161.95988	131.32904	131.26202	196.66795	97.78341	184.12624	126.55511	128.984	220.0596	237.38945	162.96208	110.53854	121.036674	70.759415
15	243.8203	213.38426	199.38127	215.34846	245.50192	250.53549	207.33987	213.10217	54.06913	138.28537	220.11133	84.85085	67.269325	95.317924	85.50164	0.0	54.28329	63.157158	109.14889	103.9937	93.37568	112.56654	86.9152	54.623386	122.83398	133.88457	249.70874	207.91762	210.85724	156.87039	201.48349	153.72697	161.48819	335.70084	251.99266	181.55183	222.80853	208.55775	176.0276	156.1127	246.99156	178.08813	245.67355	195.41318	243.7838	259.09637	88.18121	244.47986	242.7417	75.806274	216.12376	208.49731	295.59286	222.5981	271.82703	140.68164	179.53719	275.5376	186.23988	224.56161	209.19524	164.37436	244.06139	173.54944	196.9851	257.74176	298.5373	278.79993	250.97748	116.56988	90.27015	216.7583	206.80788	303.1241	272.55386	305.7292	264.7341	277.9004	146.79416	137.62924	114.15811	81.93652	145.96802	181.78015	153.85782	269.52347	194.40532	147.17064	202.50713	132.43932	168.75476	241.82315	94.38498	298.6843	279.02908	172.95354	178.53456	212.22527	235.42334	153.53555	220.19656	178.32016	277.71405	351.5953	161.57077	312.80325	394.56775	235.49547	286.47507	212.65804	85.91467	212.23534	281.3261	150.08737	261.54828	198.96696	104.78297	234.98947	312.6537	163.7123	184.5881	130.29688	144.16014
16	219.25064	180.86938	172.56049	182.36023	220.22668	215.76378	166.67686	177.9479	86.90668	104.14242	171.24829	65.07853	68.3916	97.47888	56.747906	54.28329	0.0	51.466312	141.32722	103.466644	124.33577	123.367	52.977272	71.72308	76.64268	79.705536	196.77771	166.76271	156.85023	120.09413	161.14894	121.46827	117.39191	305.73547	207.5166	130.38301	173.50307	158.81447	125.06002	110.80099	194.23256	125.62545	194.7095	151.9474	198.69804	212.29732	134.59546	224.49265	193.2054	118.309425	198.38867	191.39809	255.41652	225.09308	233.41982	149.97717	168.55699	248.62459	140.5907	219.64671	176.7108	145.49568	234.16574	168.8916	168.57831	228.12874	261.26862	235.18015	214.28583	129.02275	96.127426	227.82281	207.78514	255.52328	221.6061	277.3591	252.98056	268.33197	117.728645	137.48393	121.58821	119.61179	125.35209	193.11282	176.43831	244.08614	195.67142	134.20363	189.36922	104.12039	183.87547	218.71686	120.81081	285.35492	251.7926	128.97151	181.18942	175.91168	186.33861	113.49864	198.55292	163.51599	230.1913	316.61987	145.7841	267.27884	391.8677	195.2172	248.5024	197.63168	79.10987	169.49701	247.66245	143.89574	216.94917	174.6089	109.276855	231.41554	261.0339	142.99243	135.09845	150.86736	108.626396
17	200.1182	171.57597	149.85248	157.4993	192.3359	199.65442	156.85902	227.27216	62.299862	149.1188	177.5331	55.802288	106.70174	56.8345	89.96892	63.157158	51.466312	0.0	108.47427	103.072334	115.60365	99.499275	103.526665	78.76294	83.215576	109.18977	205.33896	174.04344	176.02284	101.121826	142.0131	118.20894	139.1185	309.24142	207.79105	161.64244	191.22803	158.35985	136.86855	101.690346	220.85966	136.23541	202.35092	147.10791	190.07248	203.23106	144.22943	240.75626	219.75638	135.50299	204.3639	239.8787	256.45923	215.95224	213.3945	104.137115	140.3586	215.49292	161.13637	233.79153	209.44888	149.78343	267.90152	176.72383	190.09483	228.03099	274.29553	264.39597	259.00818	78.53428	71.38664	240.16808	245.25229	260.0686	236.12039	257.3138	240.35242	290.98895	92.811104	161.22614	165.08835	91.670204	153.76651	160.7544	185.9364	282.65628	220.65149	93.42686	215.57277	151.08243	176.7931	245.9516	154.15067	294.7785	262.9175	175.15317	225.14345	184.75954	225.72403	149.38446	159.61243	124.73191	267.20853	364.7585	196.08618	286.6481	384.80292	216.79636	287.20264	185.93787	98.86262	206.4343	272.509	181.66452	228.11601	216.04832	151.06671	195.8596	285.7115	101.879555	169.10512	178.32076	119.437584
18	211.25407	205.42256	177.49141	204.67831	211.31863	237.70384	215.86267	304.3321	56.436783	242.61153	252.43166	109.77891	149.92802	71.73485	149.57906	109.14889	141.32722	108.47427	0.0	104.22655	65.04785	62.44063	188.27257	94.871	191.21362	207.45207	299.15967	280.45605	276.7602	196.98036	226.83612	220.71404	247.06953	324.9457	310.43707	266.17978	298.97845	254.00816	242.50589	193.26076	324.3792	229.29643	304.68695	248.77795	284.02982	283.66348	119.73013	250.42218	296.393	156.40393	206.92862	289.07358	299.4408	170.90382	266.66437	132.9526	131.66968	244.81567	229.08272	219.64612	256.10486	163.40178	280.74185	164.8656	223.0182	248.18237	312.04047	326.4949	326.187	83.56339	142.3107	203.70502	256.62372	324.40152	312.6626	272.47128	217.61867	287.2494	145.68767	166.03342	205.37979	99.95652	186.6005	93.790375	144.69025	321.21472	214.47908	160.86432	227.69978	213.14987	120.46245	269.99207	176.81668	283.36386	279.90686	263.7951	253.47147	226.79955	317.3919	215.07431	190.30573	138.51355	347.5721	451.75867	253.78622	346.2072	338.87485	269.02808	346.8281	177.5733	183.93112	275.3734	310.46588	207.0361	285.8018	260.84003	210.91747	160.3954	366.56485	150.70718	251.76367	173.22945	171.77731
19	163.55635	138.78311	135.84033	172.7749	183.95105	186.88264	158.20026	221.80435	85.29954	194.28079	180.06245	55.69824	92.48257	81.834305	70.62504	103.9937	103.466644	103.072334	104.22655	0.0	64.68804	52.350586	137.83328	51.898537	160.161	144.56459	239.65504	256.35217	215.03441	183.7965	204.59645	212.26195	211.60124	242.20895	283.55704	208.20412	254.09697	209.37077	198.11047	153.67052	260.2422	167.66098	258.94183	224.53394	255.69708	240.37665	125.15566	153.11395	205.40565	165.83878	116.62224	205.86668	221.65204	122.674126	230.03685	190.167	105.98233	233.99284	138.73499	133.53333	152.71045	68.30413	187.77841	75.54522	119.6392	167.13106	218.25095	226.4846	230.38861	141.74324	170.02313	140.98288	178.42143	249.28683	231.4465	229.36719	164.13365	196.32175	109.23088	77.3958	157.2694	159.4085	84.68573	116.21734	100.63721	219.7887	130.84114	186.14163	129.11652	129.68224	83.87771	167.33406	148.7835	199.58182	186.5559	188.2971	188.04877	135.74088	235.33455	120.760086	192.60838	137.00412	254.09286	375.27603	182.60912	251.85783	292.2751	170.16035	244.93082	114.9561	177.65453	178.26476	207.70087	121.90404	198.73718	163.49658	180.90051	165.93748	278.0462	154.5253	165.09236	121.75829	82.011284
20	213.02548	197.26189	184.40172	218.98378	227.31322	241.06255	214.53491	259.88712	62.53105	217.63846	240.36685	96.218376	104.457436	92.49534	112.309975	93.37568	124.33577	115.60365	65.04785	64.68804	0.0	59.23553	159.99547	55.158424	191.10567	189.13905	293.40402	285.63007	264.8943	213.12274	243.3597	232.02	241.13403	299.36658	319.69568	249.26178	293.70218	256.34387	239.06042	197.28381	308.20184	219.83449	304.50055	258.99615	296.55075	291.14374	79.228775	204.56291	266.5541	135.93462	170.09195	232.73796	284.1787	144.94446	279.82452	180.0051	141.688	271.9643	201.00093	167.17484	207.92856	129.39163	218.67159	116.98596	179.13835	226.51163	280.97327	287.67462	277.56735	132.22092	163.97044	146.93918	192.34598	312.1482	293.98846	278.69812	203.9928	230.92995	153.43916	105.09224	157.44972	128.92015	135.55614	115.39293	83.508606	264.62274	151.7111	195.79866	170.63234	166.17384	82.18794	217.60982	132.27557	241.34996	243.76514	229.17857	194.75957	200.13571	285.2054	174.91273	222.84282	166.00514	310.12885	410.60556	203.68321	316.1437	316.0325	233.51712	298.54022	162.83664	179.09819	234.05237	266.33713	146.6371	263.28348	205.44412	178.96053	185.69223	339.7858	180.76904	220.19711	110.89159	145.04465
21	158.5578	148.23352	128.50774	164.29175	168.8991	187.08923	166.231	268.76877	69.34165	225.16125	201.57988	69.48378	129.33177	53.44438	111.80264	112.56654	123.367	99.499275	62.44063	52.350586	59.23553	0.0	169.0276	73.831726	171.50267	172.82468	258.4114	266.43228	239.4773	181.0233	201.35411	215.09613	229.73839	263.5705	290.80783	236.41359	273.49896	220.35835	214.63579	160.44554	288.9493	188.51099	273.89792	229.30971	258.66333	245.53714	134.72667	191.53157	243.36052	175.96721	146.19261	256.06424	240.30882	124.29672	225.51749	159.80655	83.62537	213.86694	174.93362	169.11937	202.02118	101.858055	236.47513	110.808846	164.44165	186.59567	249.88107	269.43472	280.538	105.86467	159.39613	169.00545	225.42389	269.43942	259.41293	223.11816	164.14973	237.03868	104.026245	125.410385	194.02156	139.1568	136.57018	72.79489	123.51577	271.08765	174.55324	165.83365	177.04893	177.26723	85.44093	214.24751	176.56372	227.4128	218.01692	229.388	232.62694	165.96237	275.9811	167.13594	167.33311	108.69048	298.03635	420.34692	228.2639	286.70367	295.6205	209.80753	294.16855	118.89416	188.39796	224.83514	250.57141	171.71898	227.14201	215.78412	208.67705	131.2383	313.45584	132.25298	205.23639	157.41989	116.175545
22	255.65608	211.01422	212.12329	220.12059	260.93146	247.63226	195.03265	132.7504	132.81505	58.040108	183.98387	110.40643	68.12127	149.69847	72.35897	86.9152	52.977272	103.526665	188.27257	137.83328	159.99547	169.0276	0.0	105.79479	94.74869	77.72137	199.91043	164.7333	150.53671	149.84906	189.82742	134.43997	105.69321	321.47046	211.49802	108.63746	162.12614	172.4014	128.07556	139.16603	174.18394	135.7379	195.07722	165.91724	214.36888	231.95676	150.14401	232.41982	183.08836	121.10221	218.08112	152.6134	272.08353	257.07578	264.52887	195.0282	213.65805	289.74066	145.0116	230.90404	165.91557	170.61093	220.64369	189.61636	173.5382	249.76224	267.77902	222.25616	179.6772	180.37485	130.4653	240.1868	189.11647	265.813	222.28026	311.7751	285.93442	267.8651	160.65495	144.44345	92.412964	157.55437	127.92626	240.57788	193.64409	221.93668	195.79921	176.17429	188.46219	75.65156	215.7909	213.94124	108.12272	298.36444	262.7299	88.896935	150.49501	191.47038	154.32802	103.82853	243.92746	212.10199	203.43088	266.93402	102.120865	264.04504	418.24597	195.25789	223.19794	231.58803	78.68984	149.66011	242.67863	129.95102	224.82423	151.25333	75.25619	279.27997	247.99652	189.97078	119.81754	148.80626	130.65886
23	207.31232	178.9845	170.75342	198.12167	219.01369	222.95796	185.84648	210.84154	53.474533	163.70926	202.19313	59.562267	57.47227	81.40865	61.453636	54.623386	71.72308	78.76294	94.871	51.898537	55.158424	73.831726	105.79479	0.0	142.78693	136.73543	248.18452	236.85002	214.70871	174.04034	207.6167	187.57468	188.85214	290.1722	273.37418	195.09305	241.76433	212.6171	189.43246	156.69464	255.36665	173.91599	256.58334	214.58467	255.25403	254.79424	85.7567	195.10446	223.32722	114.40731	165.24829	195.60713	261.6616	169.8161	256.26935	167.90381	144.26178	260.1803	160.8313	171.86229	174.74031	115.97586	204.577	119.56067	154.27911	214.29623	258.84372	250.6771	234.38698	127.52555	133.9085	166.7339	177.1523	279.7086	254.06042	272.087	215.54485	229.03848	128.66896	91.24989	121.12971	119.85637	104.92125	145.93132	108.9861	236.60463	149.03734	170.43382	156.55324	118.84873	117.670975	198.32158	105.80674	245.70436	231.95695	175.80614	167.8358	174.46452	233.32956	129.87968	210.65033	159.59464	263.7004	360.11636	160.50597	282.95395	340.84235	201.34605	260.84738	165.646	134.56442	190.55188	241.55444	119.3352	231.68956	170.89244	136.40396	202.12253	296.34238	161.57068	171.57298	103.862335	110.46999
24	219.06732	178.84344	167.332	154.98404	206.20801	196.25717	142.78485	193.5125	144.02989	109.12914	140.85265	107.15747	141.38121	129.73727	114.52176	122.83398	76.64268	83.215576	191.21362	160.161	191.10567	171.50267	94.74869	142.78693	0.0	60.407818	138.92198	96.48958	103.382545	57.03436	99.38096	60.72252	62.99608	313.66922	131.3499	88.79053	108.12915	93.66003	56.724804	62.92559	143.94699	82.29544	124.36006	75.64472	125.313934	153.8516	209.20906	260.21225	178.19365	180.60432	232.68439	235.26216	241.65543	270.60577	192.80812	146.77509	185.81784	217.03883	140.22136	271.80563	204.8732	181.96893	286.83615	220.9081	199.52802	237.4088	264.4688	235.07153	230.18459	144.87813	102.34149	292.37402	270.50516	223.74875	190.05138	264.63983	278.04477	317.2731	112.881714	201.89122	185.326	156.6831	174.5023	229.31572	247.67056	278.27496	258.1947	104.26759	239.6094	148.9018	242.64316	255.47275	191.5128	323.0501	272.36258	132.20009	242.60013	183.9718	168.7341	138.94505	172.25638	160.90321	219.64507	311.8292	191.39622	255.4941	428.7108	202.18501	261.32535	222.33711	96.306046	179.25177	265.3924	205.49666	203.80775	215.42075	158.5761	245.0176	232.7011	121.34079	130.22746	225.34003	129.98108
25	206.72784	157.83405	163.2632	161.14166	207.92273	185.32724	129.6961	142.85631	159.16727	94.04116	110.43467	103.50878	121.59766	146.53134	85.9485	133.88457	79.705536	109.18977	207.45207	144.56459	189.13905	172.82468	77.72137	136.73543	60.407818	0.0	123.95884	130.23503	79.96104	107.04532	129.26509	116.38777	82.72575	274.1205	158.95708	64.7429	112.71267	100.26007	66.46745	77.74761	119.25394	58.610634	128.90585	113.62425	150.03993	157.28688	207.97841	213.98984	124.723114	190.67245	195.87027	186.78824	208.40681	249.87215	195.56999	197.26044	184.871	232.14043	89.89492	232.50636	148.13576	150.82433	236.4846	189.41174	150.65555	203.13385	217.57788	177.85469	171.53427	182.04907	150.13931	260.7612	227.81923	192.86232	150.71855	253.78595	256.1723	269.3292	118.464386	167.96423	163.18472	192.27466	130.49753	234.22923	226.9257	220.11911	218.42706	158.27396	192.80943	102.22764	227.41313	202.36035	180.20055	281.01813	227.27164	82.76641	206.45975	143.1744	118.34426	83.317856	196.77646	176.89923	163.65192	272.2386	151.75134	205.89722	399.9118	149.4456	200.96515	201.64064	124.6608	118.93573	210.06248	164.25284	161.49991	160.69356	152.17447	251.02017	186.00873	152.68843	70.72362	200.89653	95.01823
26	210.39223	167.89977	178.80962	149.78781	199.32687	160.57512	119.66469	216.39981	261.9616	195.25507	80.08475	197.81277	243.2407	228.14041	199.58868	249.70874	196.77771	205.33896	299.15967	239.65504	293.40402	258.4114	199.91043	248.18452	138.92198	123.95884	0.0	138.53423	55.54693	137.62466	109.963326	166.21245	141.61249	264.86755	114.49728	113.85011	99.368256	56.483788	88.95034	108.76988	89.07165	74.272255	57.2808	108.48409	88.95822	71.45225	327.298	264.03647	117.53083	311.0887	247.34274	280.7939	171.08588	313.20056	139.2764	261.38272	229.11621	200.88403	129.4071	305.9517	208.91628	218.01602	317.88126	269.09985	209.91415	211.67584	208.65709	179.71341	222.90312	254.92873	237.617	351.413	329.9333	119.51156	87.99003	225.6165	286.3517	334.8054	163.63274	270.2704	284.72308	290.4528	222.91434	298.60736	331.65164	278.65598	312.6476	205.3808	272.38492	211.37634	314.08936	259.6809	304.08447	323.51138	248.30235	166.25656	318.5501	167.4677	140.83675	170.5258	196.12157	208.98647	165.18642	302.9703	259.3729	171.71709	432.7595	169.08063	229.82845	241.85326	229.65544	167.6255	232.59338	270.7518	136.15274	243.80336	271.39023	281.64542	129.68895	183.30008	126.3178	317.60016	165.86461
27	291.18024	251.4072	241.3029	212.42502	269.15256	253.76105	203.28761	228.22023	234.2649	141.97697	187.39912	203.40369	226.36423	220.77638	205.11478	207.91762	166.76271	174.04344	280.45605	256.35217	285.63007	266.43228	164.7333	236.85002	96.48958	130.23503	138.53423	0.0	110.80981	100.93697	124.60052	65.14299	60.810345	378.93274	60.23062	98.90335	58.364063	107.4762	74.25577	128.88638	121.59878	132.01224	88.71659	59.775234	101.106384	163.84415	293.9582	341.0629	216.77054	248.26532	318.51248	291.55173	293.142	363.99695	227.54918	200.43219	271.35284	260.31055	206.26913	361.05826	273.77213	271.71774	363.4912	313.5996	278.43625	309.85706	323.17673	279.7124	271.48163	220.06294	160.95425	385.35794	347.12082	254.09955	217.47908	322.80902	362.3911	399.4207	195.12126	292.0583	253.32259	226.13069	259.8967	319.59668	341.64886	339.8959	345.52066	152.0605	322.9261	220.0628	339.04367	330.39417	264.99738	406.2187	345.656	170.99864	309.75125	256.41696	183.99037	211.91678	225.8571	236.26881	242.84785	301.5852	247.82207	294.77576	515.516	264.0574	305.61835	308.48	146.24084	232.32822	328.0046	285.89157	254.13	282.98087	212.58432	324.6352	246.4058	187.20346	182.07713	310.81387	215.8417
28	226.21945	177.71521	188.22656	168.3764	220.30365	185.95795	134.52937	168.97543	232.47577	140.4316	93.924126	172.5991	200.62723	209.1074	162.97485	210.85724	156.85023	176.02284	276.7602	215.03441	264.8943	239.4773	150.53671	214.70871	103.382545	79.96104	55.54693	110.80981	0.0	123.431786	119.413994	135.5054	95.205215	280.8362	112.6989	58.692272	65.86751	63.524166	52.970726	97.47064	55.990894	55.05404	62.22967	96.10315	107.3597	114.59592	287.83914	252.95845	107.84195	265.6476	239.29619	235.4123	197.08801	304.6316	176.61407	243.38269	228.61671	230.1724	113.37055	287.52045	184.17198	203.8965	287.73752	249.95222	192.50914	221.27432	218.71004	172.04051	187.85036	237.41327	205.54698	326.70068	290.6602	156.51292	110.35018	255.14003	291.9618	315.85648	158.19925	238.24606	235.2795	258.5804	192.85327	290.8925	301.40237	251.39203	282.5505	191.57237	247.00243	166.69931	294.80753	240.6147	256.8953	318.48383	249.54663	114.821785	271.41006	166.1568	101.460266	135.97374	211.14667	211.99112	144.09299	262.71655	209.20035	184.46268	437.47186	162.2574	207.85152	242.21974	184.1292	138.3457	225.19046	231.52744	150.49852	207.84329	219.31024	288.81525	139.43108	182.6565	90.70932	277.3671	147.24358
29	206.32877	175.76572	152.7541	126.82673	180.04724	178.34207	132.66168	246.64102	161.56908	164.64182	145.36305	128.30003	187.39557	132.11888	156.06415	156.87039	120.09413	101.121826	196.98036	183.7965	213.12274	181.0233	149.84906	174.04034	57.03436	107.04532	137.62466	100.93697	123.431786	0.0	54.84393	65.06549	101.58001	319.71478	114.75548	130.55574	124.8627	81.5739	76.35259	55.081905	169.06935	97.6524	120.180786	53.950577	92.73764	126.69754	243.36977	285.8316	204.96097	219.05891	250.91412	289.33994	240.28857	281.14133	160.35979	125.70511	177.23311	175.86813	166.56934	299.9855	243.15602	201.58316	329.7361	245.64815	229.41942	243.02417	278.67126	264.5365	277.43115	132.19432	110.98342	322.72638	318.43375	220.48518	199.43863	243.67146	278.2755	350.56482	104.22687	239.60568	237.63097	166.90305	212.801	224.41257	278.69577	321.72055	296.59842	69.48538	276.2196	200.53893	260.1602	290.0148	238.52013	342.9812	289.59546	184.59601	295.6311	199.08154	210.12645	181.35814	130.73442	136.78873	256.03094	360.00494	247.26305	272.01562	434.4102	227.15489	301.5493	225.33836	136.52081	219.71782	293.7033	252.27095	214.01231	262.55182	210.51433	225.74834	251.89319	86.41758	169.69827	268.2475	153.67683
30	181.88962	155.24493	133.81818	93.878815	149.63545	142.79329	104.667404	267.59888	198.97104	203.32748	120.61222	152.9993	223.9218	157.75476	183.75667	201.48349	161.14894	142.0131	226.83612	204.59645	243.3597	201.35411	189.82742	207.6167	99.38096	129.26509	109.963326	124.60052	119.413994	54.84393	0.0	112.90374	136.62845	294.4753	110.53761	149.62025	133.9828	58.1999	90.647446	58.07711	168.54485	92.54261	104.90225	64.83276	61.603157	76.65619	284.59583	283.68314	193.98627	268.68008	248.03851	314.80078	207.0794	283.96808	111.15931	163.48674	173.46555	135.86165	162.67534	307.53583	248.26369	205.65596	344.09167	255.89172	231.21008	223.15216	257.20096	253.93002	287.3897	164.1651	163.32455	339.32584	343.69904	182.21242	172.13757	206.71158	265.41687	356.06	104.44696	261.78363	278.02536	214.14496	228.6599	232.8675	304.3362	329.29117	315.1385	106.09831	287.35196	226.83638	276.14816	292.82156	281.92883	337.0121	276.21234	206.71999	329.13184	186.88521	216.54597	194.7159	106.99131	130.74629	252.61414	377.3012	279.59448	248.41302	422.86777	217.24503	301.7236	217.16016	189.24916	223.97362	285.05902	277.7644	189.41354	278.49326	257.102	215.84827	230.86708	88.02007	175.61646	301.64188	159.33253
31	266.3746	231.05713	212.65512	190.91978	244.01622	239.60893	189.6082	233.58917	176.04663	131.8401	189.33107	158.48764	186.4715	166.67172	169.7407	153.72697	121.46827	118.20894	220.71404	212.26195	232.02	215.09613	134.43997	187.57468	60.72252	116.38777	166.21245	65.14299	135.5054	65.06549	112.90374	0.0	65.36385	369.86963	109.58297	117.09189	108.514786	118.57091	83.40789	106.64301	163.85321	130.76158	131.03969	67.162994	122.758354	175.9728	240.97485	320.84406	228.88469	197.12453	291.9363	280.61224	292.08026	323.70718	222.1468	138.32628	230.82597	240.30309	198.59897	330.42194	263.69394	240.36841	343.36057	278.018	260.2239	293.72403	321.1578	288.88635	278.4476	158.9354	96.34045	346.53198	320.9793	266.81796	234.64899	306.744	331.21057	376.8826	158.85895	256.38315	220.64877	161.88353	233.09872	268.63443	295.93347	334.15247	313.67914	96.215775	298.51364	200.21664	292.11447	315.51517	223.08469	383.0305	331.9604	173.79391	284.49313	242.44543	206.74776	197.3407	193.54561	194.79715	264.20892	331.79562	231.74762	306.99142	484.0367	260.39407	313.7466	276.13058	98.56005	233.73918	324.334	257.76846	256.71976	270.20847	179.65022	282.4213	274.19397	144.68945	183.68916	270.0446	189.94217
32	273.01028	228.37137	223.76707	207.03511	261.13107	243.6568	188.51598	174.88202	195.56882	83.20942	169.4885	163.29208	170.1004	190.46237	152.86885	161.48819	117.39191	139.1185	247.06953	211.60124	241.13403	229.73839	105.69321	188.85214	62.99608	82.72575	141.61249	60.810345	95.205215	101.58001	136.62845	65.36385	0.0	351.45404	111.70437	56.991055	67.643906	111.856285	58.17999	113.304405	110.64875	108.91947	110.36256	83.6144	133.92474	177.37758	243.68404	296.41348	185.36644	200.211	277.70123	232.55513	275.6942	324.85107	233.5248	193.48024	246.75917	267.23483	168.56642	311.9582	224.71313	230.27798	307.42676	266.92194	232.83122	280.9973	293.12228	243.75233	222.15103	201.57921	138.39024	333.32263	287.52393	245.68495	202.15155	314.04816	332.23413	348.2321	173.01604	237.9965	193.82684	197.35553	207.59532	290.94965	289.83713	287.79785	290.22815	152.01126	270.40924	161.40265	295.27478	281.40887	208.52956	363.68002	308.72708	116.66736	248.95094	222.77682	146.18954	160.87445	227.83595	222.60872	207.88962	267.36777	187.43608	269.77414	479.96454	226.65854	261.19638	276.88635	103.47933	186.11322	287.00098	227.50511	230.26012	227.19469	156.63573	307.10538	228.4086	180.69493	138.0747	253.58893	175.26741
