	0	1	2	3	4	5	6	7	8	9	10	11	12	13	14	15	16	17	18	19	20	21	22	23	24	25	26	27	28	29	30	31	32	33	34	35	36	37	38	39	40	41	42	43	44	45	46	47	48	49	50	51	52	53	54	55	56	57	58	59	60	61	62	63	64	65	66	67	68	69	70	71	72	73	74	75	76	77	78	79	80	81	82	83	84	85	86	87	88	89	90	91	92	93	94	95	96	97	98	99	100	101	102	103	104	105	106	107	108	109	110	111	112	113	114	115	116	117	118	119	120	121	122
0	0.0	0.007925571	0.01711293	0.003044062	0.02147146	0.03650834	0.12000202	0.014209235	2.4873786	2.2688153	2.8187158	2.5065503	2.3622863	2.76417	2.2823412	2.7458324	2.448534	2.5782425	2.8089669	2.3068373	2.8510945	2.2779188	2.6670413	2.2561646	8.932864	9.744355	9.432667	8.63542	9.118047	8.540604	8.479366	9.667173	9.067485	8.250104	8.892751	9.675742	9.166772	8.954705	9.282221	8.410095	9.8644495	8.633647	9.274871	8.705891	8.750662	9.065932	13.609775	9.164278	8.3527565	13.85132	8.896744	11.65479	11.282791	11.369611	5.638736	8.759667	5.714221	5.79579	8.446929	10.102235	7.652473	9.004176	12.1481285	9.933837	8.33165	7.92739	8.68659	9.251339	5.72744	6.7790084	8.557493	12.623212	13.580347	12.279381	11.206687	4.9151354	9.09673	7.6754136	5.839443	9.925483	12.835856	8.714959	9.092318	9.66468	10.220195	10.014474	10.622687	10.122065	10.678611	9.600677	12.260284	9.648809	12.923512	13.849414	8.061126	5.7097178	12.869008	11.191144	10.667906	7.653469	5.443872	5.702959	7.395227	8.800777	11.838533	9.3355665	8.615738	10.865952	5.4960966	8.881111	9.688277	8.680982	9.200756	10.603449	11.77873	10.068687	12.376493	7.2275505	9.537116	5.712182	8.044238	7.809032	8.487823
1	0.007925571	0.0	0.024594972	0.009573723	0.013545923	0.04417046	0.1129702	0.021855269	2.4951086	2.276659	2.826543	2.5144753	2.3693833	2.772069	2.289413	2.753618	2.4564574	2.5861683	2.8166277	2.3147433	2.8589811	2.2858093	2.6747866	2.2640007	8.92616	9.737916	9.425808	8.628223	9.11116	8.533658	8.472533	9.660454	9.060383	8.243117	8.885434	9.668883	9.159649	8.947913	9.275356	8.403332	9.857392	8.626749	9.267823	8.698862	8.743566	9.058497	13.603644	9.157465	8.347222	13.845443	8.89054	11.650355	11.27808	11.365202	5.630902	8.753534	5.7065177	5.7881427	8.440567	10.096698	7.645712	8.998269	12.142911	9.928034	8.324966	7.92135	8.679545	9.244977	5.7197304	6.773864	8.552369	12.618417	13.574367	12.274461	11.201375	4.907243	9.092667	7.6707444	5.831612	9.920498	12.829829	8.71025	9.087156	9.658284	10.213744	10.010269	10.617633	10.117025	10.673476	9.594599	12.255117	9.643456	12.917484	13.843473	8.05607	5.70187	12.86411	11.185239	10.662124	7.647179	5.43605	5.6951118	7.389372	8.794955	11.833929	9.330049	8.609884	10.860322	5.488249	8.876852	9.681854	8.674658	9.195248	10.598677	11.7739725	10.062928	12.370349	7.2212806	9.532951	5.704301	8.037922	7.8030286	8.48157
2	0.01711293	0.024594972	0.0	0.015023442	0.037794482	0.019628199	0.13169198	0.0031226755	2.4705522	2.2522888	2.8021286	2.490752	2.345201	2.747952	2.265263	2.7291238	2.43266	2.5625432	2.7920372	2.2906842	2.8347833	2.261635	2.6502435	2.239609	8.949768	9.761069	9.449658	8.652527	9.135053	8.557637	8.4963455	9.684088	9.084573	8.267155	8.9098625	9.692734	9.183865	8.9716625	9.299217	8.427034	9.881524	8.650658	9.291943	8.722957	8.767749	9.083022	13.617668	9.174356	8.358921	13.858465	8.904864	11.658009	11.286721	11.372763	5.653266	8.767577	5.727928	5.8091993	8.45554	10.108403	7.6623797	9.011415	12.153412	9.940767	8.341293	7.9350224	8.697487	9.259951	5.7411795	6.7841043	8.562529	12.627363	13.587794	12.283861	11.21223	4.9301867	9.099016	7.679247	5.853951	9.9301405	12.84344	8.718893	9.097451	9.673395	10.229083	10.017114	10.627532	10.126869	10.683672	9.608417	12.26543	9.654467	12.931101	13.856741	8.065977	5.7243514	12.873431	11.19837	10.674775	7.6618595	5.45831	5.717592	7.402314	8.807767	11.842187	9.341682	8.622816	10.872381	5.5107284	8.883887	9.697079	8.689472	9.20685	10.607543	11.782787	10.075492	12.384431	7.23588	9.539652	5.727112	8.052709	7.816554	8.496097
3	0.003044062	0.009573723	0.015023442	0.0	0.022869995	0.03461898	0.11989972	0.012337785	2.4855602	2.267195	2.81706	2.5052824	2.3599415	2.7627132	2.2799823	2.7440991	2.4472342	2.5770156	2.8070602	2.3054113	2.8495913	2.2764292	2.6652446	2.2545273	8.935392	9.746981	9.435129	8.637707	9.120497	8.543026	8.48184	9.669696	9.069826	8.252506	8.89496	9.678205	9.169102	8.957197	9.284681	8.4126	9.866815	8.636091	9.277241	8.708271	8.753006	9.068054	13.608968	9.1639185	8.351628	13.850371	8.89598	11.653176	11.281288	11.367987	5.639537	8.7588625	5.714769	5.7962523	8.446262	10.101108	7.6520762	9.003244	12.146849	9.932848	8.331197	7.926532	8.686415	9.250672	5.7279973	6.777695	8.55617	12.621745	13.579454	12.2779665	11.205451	4.916113	9.094975	7.673895	5.840237	9.924097	12.83499	8.713457	9.091011	9.664035	10.219584	10.012773	10.621333	10.120704	10.677293	9.599839	12.258981	9.647593	12.9226465	13.848499	8.059772	5.7105527	12.867585	11.190209	10.666904	7.652758	5.4446435	5.703794	7.3942657	8.799799	11.836987	9.33443	8.614776	10.864871	5.496931	8.879429	9.687649	8.68029	9.1996155	10.601973	11.777247	10.067675	12.375695	7.226827	9.5353985	5.713117	8.043543	7.808152	8.487089
4	0.02147146	0.013545923	0.037794482	0.022869995	0.0	0.057422664	0.101230875	0.03520401	2.5083117	2.2900589	2.8399143	2.5280194	2.3815024	2.7855659	2.3014894	2.7669168	2.4699981	2.599714	2.8297112	2.3282523	2.872456	2.2992911	2.688016	2.2773874	8.914733	9.726946	9.414116	8.61595	9.099421	8.521817	8.460885	9.648999	9.04827	8.231204	8.87295	9.65719	9.147501	8.936335	9.263653	8.391805	9.845357	8.61499	9.255804	8.686877	8.731463	9.045809	13.593139	9.1458	8.337737	13.835365	8.879913	11.642742	11.269998	11.357634	5.6175046	8.743025	5.693341	5.775061	8.42967	10.087206	7.634135	8.988144	12.133962	9.918088	8.313522	7.9110003	8.667484	9.234077	5.7065434	6.765045	8.543582	12.6101885	13.564116	12.266021	11.192265	4.8937488	9.085689	7.662734	5.8182197	9.911947	12.8195	8.70217	9.078306	9.647328	10.202694	10.003048	10.608962	10.108382	10.664669	9.584185	12.246255	9.634279	12.907152	13.833292	8.047401	5.6884503	12.855705	11.1751175	10.652212	7.6364045	5.4226737	5.681692	7.379339	8.784976	11.826027	9.320591	8.599854	10.850673	5.4748297	8.869542	9.670852	8.663826	9.185803	10.590488	11.765806	10.053056	12.35982	7.210541	9.525802	5.690826	8.0271015	7.7927423	8.470858
5	0.03650834	0.04417046	0.019628199	0.03461898	0.057422664	0.0	0.14883003	0.022324748	2.4509413	2.2326748	2.782506	2.471409	2.326358	2.7284226	2.246461	2.7094963	2.4132795	2.543252	2.7724705	2.2711802	2.8152223	2.2420833	2.6306262	2.2199903	8.967984	9.778815	9.468135	8.671535	9.153574	8.576256	8.514781	9.70233	9.103439	8.285841	8.929043	9.71121	9.202763	8.990028	9.317704	8.445351	9.900321	8.669198	9.310725	8.741709	8.786607	9.102355	13.630407	9.189193	8.369944	13.870462	8.917833	11.665949	11.295419	11.380633	5.6718383	8.780341	5.7458944	5.826934	8.4689865	10.119424	7.6770606	9.023514	12.163521	9.952556	8.355726	7.947516	8.713074	9.273397	5.75917	6.794037	8.572391	12.636291	13.600092	12.293134	11.222609	4.9491096	9.105962	7.687854	5.8725076	9.939605	12.855876	8.727601	9.107412	9.68694	10.242793	10.024438	10.637189	10.136485	10.693554	9.621012	12.275395	9.664967	12.94354	13.86892	8.075649	5.742996	12.882644	11.210451	10.6865015	7.6750965	5.476819	5.736236	7.4142694	8.819619	11.850589	9.352652	8.634758	10.883665	5.529372	8.891362	9.710707	8.702804	9.217796	10.616415	11.791616	10.087154	12.397214	7.2490587	9.546866	5.7459555	8.066022	7.82894	8.509217
6	0.12000202	0.1129702	0.13169198	0.11989972	0.101230875	0.14883003	0.0	0.13033856	2.581281	2.3682992	2.9170876	2.6137667	2.436289	2.8674138	2.3557417	2.842113	2.555141	2.686212	2.8999867	2.4108853	2.9532518	2.3805494	2.7615247	2.3552153	8.871295	9.689037	9.367235	8.560984	9.051928	8.472993	8.414631	9.605179	8.99565	8.181422	8.81476	9.610291	9.09437	8.890964	9.216631	8.347122	9.793794	8.567273	9.204501	8.636071	8.679003	8.984271	13.492751	9.044592	8.239461	13.735735	8.779352	11.550365	11.175939	11.265425	5.52466	8.642638	5.5973606	5.6781907	8.32878	9.988907	7.5329075	8.888429	12.037128	9.818734	8.2122965	7.810875	8.566597	9.133185	5.6106668	6.668641	8.447254	12.515623	13.464153	12.170757	11.094977	4.803579	8.995807	7.5689683	5.725272	9.816345	12.719399	8.608149	8.981785	9.54638	10.101662	9.912185	10.512978	10.012484	10.568264	9.483947	12.149676	9.53681	12.807049	13.733457	7.9514427	5.5960855	12.760555	11.075404	10.552929	7.5356536	5.3294277	5.589323	7.279813	8.685555	11.732598	9.222379	8.500327	10.751982	5.382461	8.778346	9.5698595	8.563006	9.087628	10.496074	11.671458	9.95386	12.2593975	7.1098337	9.435226	5.599958	7.926297	7.692728	8.370184
7	0.014209235	0.021855269	0.0031226755	0.012337785	0.03520401	0.022324748	0.13033856	0.0	2.4732542	2.2548575	2.8047225	2.4930644	2.3481982	2.7504053	2.2682664	2.7317698	2.4349968	2.5648243	2.794795	2.2931144	2.8372703	2.2641118	2.6529312	2.2421896	8.946699	9.757971	9.446613	8.649558	9.132011	8.554607	8.493296	9.68102	9.081578	8.264133	8.906933	9.689689	9.180876	8.968606	9.296172	8.423974	9.878519	8.647619	9.288935	8.719944	8.764752	9.080138	13.617238	9.173468	8.358834	13.858186	8.9043865	11.658481	11.287062	11.373247	5.651319	8.767143	5.7261963	5.8075423	8.454961	10.108316	7.661527	9.011116	12.153497	9.94053	8.340497	7.934644	8.696419	9.259373	5.739439	6.7842236	8.56266	12.627663	13.587454	12.284098	11.212265	4.9280953	9.099657	7.679605	5.8520103	9.930344	12.843073	8.719233	9.097564	9.672794	10.228447	10.017692	10.6277	10.127045	10.683799	9.608017	12.265541	9.654479	12.930732	13.856425	8.066143	5.7223763	12.87368	11.198073	10.67455	7.6613264	5.456388	5.715617	7.4020452	8.807518	11.842578	9.341606	8.622549	10.872244	5.508754	8.884439	9.696461	8.688919	9.206778	10.607853	11.783105	10.075279	12.383991	7.2353587	9.540248	5.7250547	8.052159	7.816198	8.495587
8	2.4873786	2.4951086	2.4705522	2.4855602	2.5083117	2.4509413	2.581281	2.4732542	0.0	0.28792268	0.37346256	0.5250824	0.5916505	0.46201274	0.6201895	0.2736808	0.4914925	0.57654035	0.3358421	0.40745664	0.49058074	0.37095666	0.18113397	0.28767914	11.308796	12.074896	11.830766	11.080605	11.52083	10.952984	10.875843	12.043689	11.500298	10.668802	11.351683	12.073413	11.602112	11.343988	11.681593	10.796341	12.290251	11.039029	11.700166	11.129436	11.183154	11.536703	15.264537	11.101523	9.883544	15.416868	10.631977	12.7690735	12.492067	12.480401	8.00544	10.474509	8.019381	8.076947	10.241988	11.5991	9.593458	10.641155	13.509947	11.520544	10.2355995	9.628485	10.711426	11.0338745	8.034949	8.2358885	9.954478	13.839882	15.183586	13.541409	12.6127615	7.3212595	10.148378	8.95722	8.2033	11.247784	14.4618025	9.978215	10.48823	11.452496	12.019677	11.087659	11.954527	11.458048	12.035429	11.283189	13.603916	11.09443	14.549066	15.4363575	9.449754	8.083342	14.1162405	12.793803	12.236712	9.440307	7.805415	8.076551	9.05044	10.414048	13.004472	10.840127	10.242513	12.381248	7.8708997	9.999495	11.485076	10.459485	10.705325	11.844704	12.995735	11.639001	14.04725	9.017227	10.608602	8.106253	9.83179	9.500961	10.246534
9	2.2688153	2.276659	2.2522888	2.267195	2.2900589	2.2326748	2.3682992	2.2548575	0.28792268	0.0	0.5510122	0.3935664	0.73914003	0.5193176	0.73687637	0.4897603	0.33484566	0.46995443	0.6137996	0.17284693	0.59331286	0.11354784	0.4338193	0.019651698	11.044667	11.804967	11.569808	10.829907	11.260787	10.694911	10.615015	11.779349	11.246289	10.412083	11.105182	11.812293	11.348669	11.08181	11.420904	10.533943	12.03438	10.779642	11.444391	10.873509	10.929193	11.2950325	15.232706	11.020925	9.8600645	15.3980055	10.581544	12.805769	12.51644	12.516994	7.8369617	10.42671	7.8656297	7.9285216	10.181867	11.584209	9.5093975	10.604865	13.516404	11.493133	10.158759	9.580625	10.615652	10.977233	7.8807	8.216691	9.948985	13.865558	15.159115	13.560859	12.611926	7.141088	10.186694	8.963285	8.035801	11.255231	14.433261	9.98995	10.484304	11.395816	11.962159	11.12587	11.962221	11.464188	12.0400305	11.241726	13.612902	11.085375	14.520683	15.414481	9.443839	7.9131427	14.138433	12.766341	12.213101	9.379492	7.6379995	7.906353	9.00741	10.3805685	13.035183	10.822584	10.206734	12.365283	7.7001324	10.029277	11.4270935	10.402301	10.68747	11.863782	13.020025	11.6141	14.011717	8.954834	10.645803	7.930438	9.771849	9.454066	10.191817
10	2.8187158	2.826543	2.8021286	2.81706	2.8399143	2.782506	2.9170876	2.8047225	0.37346256	0.5510122	0.0	0.4966489	0.9054402	0.2192849	0.95203286	0.1121501	0.5102564	0.49392614	0.28623736	0.5584182	0.16927	0.5643088	0.21608438	0.5628431	11.577503	12.329427	12.106116	11.374407	11.798048	11.234064	11.151572	12.31183	11.788608	10.952416	11.651852	12.348408	11.891375	11.616885	11.957505	11.06885	12.575237	11.317589	11.985375	11.414431	11.471572	11.843583	15.625055	11.473485	10.241843	15.772661	10.998391	13.097342	12.827675	12.808804	8.367594	10.840268	8.386338	8.44529	10.610659	11.95381	9.965863	11.003612	13.854811	11.8799515	10.607128	9.99437	11.084661	11.40172	8.40177	8.593039	10.305617	14.174465	15.541524	13.879527	12.961249	7.678394	10.476464	9.303396	8.565841	11.592613	14.821262	10.321259	10.838548	11.820313	12.387638	11.415472	12.299075	11.803468	12.381468	11.647108	13.947509	11.446834	14.908463	15.793307	9.801213	8.444842	14.45274	13.153061	12.594663	9.8092	8.167946	8.438051	9.415126	10.775655	13.336298	11.196018	10.604872	12.73626	8.232155	10.332743	11.85318	10.827506	11.061362	12.183391	13.331277	11.997503	14.409083	9.386481	10.937201	8.46544	10.200463	9.866615	10.61402
11	2.5065503	2.5144753	2.490752	2.5052824	2.5280194	2.471409	2.6137667	2.4930644	0.5250824	0.3935664	0.4966489	0.0	1.0945516	0.31570673	1.1061107	0.5197354	0.06482939	0.08091534	0.72068673	0.24344313	0.4154099	0.30080333	0.5445348	0.41307992	11.147223	11.886167	11.682209	10.972022	11.376238	10.816717	10.728544	11.880672	11.379234	10.538068	11.257678	11.924025	11.483087	11.190711	11.534251	10.642573	12.16159	10.897457	11.57227	11.001388	11.062505	11.458837	15.612419	11.378352	10.243207	15.781954	10.95452	13.199173	12.909021	12.910398	8.121913	10.800853	8.166632	8.234851	10.550488	11.969614	9.865282	10.983535	13.906489	11.87477	10.518624	9.954946	10.963674	11.347311	8.181171	8.601417	10.336917	14.258227	15.54134	13.952881	13.000643	7.412785	10.58018	9.353623	8.321669	11.645616	14.814194	10.381105	10.872529	11.765785	12.331618	11.519342	12.352605	11.854332	12.429859	11.618302	14.00342	11.472343	14.901662	15.79751	9.8317375	8.196012	14.530751	13.147805	12.595875	9.748016	7.9243913	8.189229	9.383859	10.760299	13.4282675	11.207339	10.585667	12.750311	7.982569	10.422366	11.796442	10.772263	11.072155	12.255817	13.412584	11.996537	14.390193	9.322735	11.03925	8.206573	10.140674	9.828824	10.562973
12	2.3622863	2.3693833	2.345201	2.3599415	2.3815024	2.326358	2.436289	2.3481982	0.5916505	0.73914003	0.9054402	1.0945516	0.0	1.0462718	0.0816507	0.7934432	1.0485288	1.1562312	0.68608207	0.9103927	1.0563613	0.85266507	0.69182265	0.7238253	11.285788	12.082299	11.791247	10.996877	11.477429	10.901384	10.837268	12.020633	11.429766	10.611601	11.2507305	12.034311	11.528995	11.311162	11.641007	10.765539	12.226636	10.993349	11.637003	11.067873	11.112948	11.417167	14.736567	10.631161	9.350428	14.877137	10.125497	12.192725	11.9222355	11.904153	7.691065	9.965279	7.674327	7.721248	9.746897	11.057378	9.129443	10.119783	12.951136	10.990012	9.761201	9.120093	10.262445	10.534043	7.6908503	7.700327	9.405935	13.269039	14.648847	12.974215	12.059448	7.035395	9.571835	8.400557	7.886238	10.68901	13.931016	9.417051	9.938159	10.952383	11.52012	10.510927	11.395328	10.900106	11.478363	10.766636	13.04336	10.548121	14.018102	14.89924	8.901863	7.772483	13.5473175	12.262679	11.702318	8.946886	7.4893556	7.7657113	8.537445	9.890051	12.431076	10.30108	9.72093	11.840083	7.561928	9.427363	10.986432	9.96077	10.166627	11.278157	12.425837	11.10608	13.523289	8.526213	10.032473	7.807797	9.336902	8.991648	9.74519
13	2.76417	2.772069	2.747952	2.7627132	2.7855659	2.7284226	2.8674138	2.7504053	0.46201274	0.5193176	0.2192849	0.31570673	1.0462718	0.0	1.0805277	0.29452443	0.34946552	0.29145697	0.49685916	0.45824462	0.09983715	0.4872591	0.37173122	0.53636086	11.455542	12.197789	11.988739	11.271622	11.682131	11.121214	11.034763	12.189262	11.681213	10.841601	11.554418	12.230706	11.784714	11.497875	11.840582	10.949738	12.465	11.202816	11.875474	11.304535	11.364362	11.752143	15.715683	11.5290575	10.337054	15.872006	11.07551	13.231029	12.953916	12.942359	8.352398	10.919184	8.38395	8.447406	10.680902	12.055111	10.018688	11.090447	13.970206	11.972961	10.665349	10.07305	11.128833	11.474565	8.398953	8.690468	10.412536	14.301792	15.637104	14.003	13.071845	7.6528764	10.610311	9.417235	8.551465	11.708105	14.914014	10.439018	10.946635	11.8932	12.460018	11.549584	12.4149065	11.918198	12.495377	11.730555	14.064508	11.551799	15.001332	15.890653	9.907688	8.428095	14.578004	13.246282	12.690352	9.87879	8.153741	8.421306	9.496963	10.864336	13.46648	11.295399	10.691958	12.837027	8.214956	10.46148	11.925153	10.899864	11.160504	12.306242	13.457585	12.092213	14.497036	9.454858	11.0705595	8.443634	10.270753	9.945927	10.68807
14	2.2823412	2.289413	2.265263	2.2799823	2.3014894	2.246461	2.3557417	2.2682664	0.6201895	0.73687637	0.95203286	1.1061107	0.0816507	1.0805277	0.0	0.8399173	1.0567825	1.1713599	0.74706143	0.9096096	1.0973164	0.8500334	0.73644835	0.7202829	11.207349	12.005088	11.712179	10.916522	11.398242	10.821953	10.758279	11.942154	11.349743	10.532005	11.169973	11.955246	11.448896	11.232354	11.561909	10.686835	12.146782	10.914108	11.557182	10.988123	11.032946	11.33606	14.679823	10.564301	9.294649	14.823224	10.06423	12.151901	11.878224	11.863271	7.611678	9.904506	7.5963264	7.6438274	9.6836405	11.003862	9.061644	10.06142	12.90285	10.933717	9.694831	9.059104	10.192919	10.471632	7.612802	7.6450167	9.354247	13.225507	14.593679	12.929096	12.009321	6.955002	9.531071	8.351363	7.806973	10.640644	13.874891	9.369488	9.886951	10.890044	11.457716	10.470285	11.347135	10.851461	11.42944	10.707324	12.995691	10.495845	13.962021	14.844664	8.849955	7.692967	13.50294	12.206576	11.64697	8.883294	7.4100194	7.6861944	8.477278	9.832233	12.388735	10.246828	9.662586	11.786451	7.482326	9.384344	10.923845	9.898131	10.112279	11.232734	12.3818655	11.050352	13.465629	8.462197	9.991492	7.7278438	9.273581	8.93082	9.682986
15	2.7458324	2.753618	2.7291238	2.7440991	2.7669168	2.7094963	2.842113	2.7317698	0.2736808	0.4897603	0.1121501	0.5197354	0.7934432	0.29452443	0.8399173	0.0	0.51934826	0.5340097	0.20718767	0.5301879	0.27093703	0.5239092	0.10473653	0.49863583	11.532823	12.290276	12.058835	11.31954	11.750003	11.184431	11.104085	12.267414	11.736049	10.901738	11.594298	12.301281	11.838427	11.570553	11.909991	11.022638	12.524083	11.268978	11.934102	11.3632145	11.418952	11.783127	15.513998	11.366798	10.1305	15.661019	10.888702	12.985649	12.715653	12.6971035	8.278001	10.730382	8.292935	8.350617	10.501827	11.842086	9.859695	10.892924	13.742668	11.768745	10.500044	9.88453	10.980001	11.292536	8.308487	8.481574	10.193664	14.062482	15.43011	13.767437	12.849179	7.592215	10.364766	9.191276	8.475967	11.480472	14.71005	10.209108	10.726552	11.711114	12.27849	11.303797	12.186931	11.691333	12.2693405	11.536733	13.835359	11.334946	14.79724	15.681781	9.689278	8.355721	14.340693	13.041827	12.483262	9.70048	8.078074	8.34893	9.304959	10.664808	13.224425	11.084403	10.494169	12.624558	8.143206	10.220797	11.744095	10.718396	10.949762	12.071285	13.219258	11.886174	14.298257	9.27794	10.825479	8.377923	10.091638	9.756708	10.504705
16	2.448534	2.4564574	2.43266	2.4472342	2.4699981	2.4132795	2.555141	2.4349968	0.4914925	0.33484566	0.5102564	0.06482939	1.0485288	0.34946552	1.0567825	0.51934826	0.0	0.1457254	0.71382767	0.17928675	0.44885522	0.237794	0.5315758	0.35413718	11.106473	11.848335	11.640199	10.92618	11.333812	10.773434	10.686325	11.840133	11.334566	10.494229	11.210573	11.882116	11.438239	11.149128	11.492107	10.600987	12.117694	10.854693	11.528257	10.957339	11.017772	11.410375	15.548214	11.31354	10.179374	15.7182045	10.889911	13.138823	12.84774	12.850046	8.06089	10.736297	8.1044035	8.172257	10.485741	11.906092	9.800485	10.919257	13.844021	11.810759	10.453797	9.890401	10.899034	11.282599	8.11898	8.537809	10.273882	14.197012	15.47738	13.891233	12.937782	7.3528194	10.520038	9.291261	8.260581	11.583257	14.750101	10.319048	10.809558	11.701069	12.266888	11.45916	12.290242	11.791889	12.367314	11.553877	13.9411	11.409101	14.837574	15.733644	9.768698	8.135159	14.469282	13.083771	12.531987	9.683268	7.863246	8.128375	9.319434	10.696109	13.367443	11.143721	10.521412	12.686727	7.921742	10.361558	11.7317095	10.707548	11.008527	12.194184	13.351287	11.932613	14.32589	9.257974	10.979001	8.146275	10.075931	9.764302	10.498297
17	2.5782425	2.5861683	2.5625432	2.5770156	2.599714	2.543252	2.686212	2.5648243	0.57654035	0.46995443	0.49392614	0.08091534	1.1562312	0.29145697	1.1713599	0.5340097	0.1457254	0.0	0.7397512	0.32410794	0.38762665	0.38071105	0.5731448	0.48957273	11.196327	11.931544	11.7329	11.027614	11.427465	10.869052	10.779527	11.929489	11.433317	10.591116	11.3148775	11.97458	11.537396	11.240872	11.585113	10.692754	12.214669	10.949127	11.625515	11.05469	11.116679	11.517769	15.692885	11.459141	10.323311	15.861968	11.035337	13.275477	12.986373	12.986705	8.197235	10.88163	8.243582	8.312302	10.6313925	12.049399	9.946033	11.06407	13.98515	11.955051	10.599474	10.035713	11.044113	11.428197	8.258069	8.681294	10.416194	14.335503	15.621567	14.030637	13.079728	7.4867096	10.656262	9.43218	8.397076	11.724161	14.894551	10.459325	10.951736	11.846673	12.412514	11.595466	12.431153	11.932968	12.508606	11.69897	14.081919	11.551839	14.982016	15.877644	9.91102	8.271105	14.608308	13.228107	12.676032	9.82892	7.9998794	8.264324	9.464526	10.840752	13.505106	11.287226	10.666181	12.830159	8.0576315	10.499199	11.877339	10.853149	11.152051	12.333564	13.489954	12.076733	14.47075	9.403644	11.115451	8.280929	10.221575	9.909574	10.643838
18	2.8089669	2.8166277	2.7920372	2.8070602	2.8297112	2.7724705	2.8999867	2.794795	0.3358421	0.6137996	0.28623736	0.72068673	0.68608207	0.49685916	0.74706143	0.20718767	0.71382767	0.7397512	0.0	0.695378	0.45518214	0.6756641	0.18893701	0.61698306	11.644304	12.4107275	12.165762	11.41285	11.855648	11.287374	11.210826	12.379219	11.833583	11.002862	11.6824045	12.408436	11.935223	11.679209	12.016538	11.131603	12.624048	11.373715	12.03395	11.463274	11.516434	11.865454	15.422265	11.309306	10.035732	15.561053	10.810878	12.853832	12.590866	12.565453	8.289813	10.650905	8.292503	8.345834	10.430698	11.7410145	9.8054695	10.805856	13.627905	11.6755495	10.440373	9.805615	10.933519	11.218636	8.308452	8.3854065	10.08774	13.936469	15.333724	13.645081	12.739099	7.614506	10.233288	9.079123	8.486834	11.366065	14.61645	10.09289	10.619354	11.637035	12.2047205	11.171866	12.072045	11.577597	12.156253	11.452678	13.719071	11.230537	14.703513	15.583694	9.583951	8.368949	14.216577	12.948114	12.387344	9.630324	8.089113	8.362163	9.223293	10.576063	13.095859	10.98536	10.407002	12.523806	8.157044	10.09418	11.670876	10.645166	10.8509865	11.949806	13.094325	11.791334	14.209262	9.209151	10.694356	8.395958	10.020636	9.677246	10.429948
19	2.3068373	2.3147433	2.2906842	2.3054113	2.3282523	2.2711802	2.4108853	2.2931144	0.40745664	0.17284693	0.5584182	0.24344313	0.9103927	0.45824462	0.9096096	0.5301879	0.17928675	0.32410794	0.695378	0.0	0.549293	0.062005926	0.5065186	0.19017036	11.020182	11.771027	11.549877	10.823716	11.242214	10.679188	10.595466	11.754406	11.235833	10.398256	11.103978	11.792088	11.338918	11.060214	11.401387	10.512141	12.021344	10.762089	11.431595	10.860634	10.918865	11.2993145	15.369003	11.137589	10.000093	15.5389385	10.71129	12.9634	12.670923	12.6746235	7.9052587	10.557538	7.9436326	8.009842	10.307721	11.726907	9.624827	10.740097	13.665699	11.631479	10.277334	9.7116165	10.72518	11.104372	7.9583774	8.358589	10.095021	14.020281	15.298095	13.713909	12.75907	7.201521	10.34497	9.113069	8.104669	11.405061	14.570841	10.141213	10.630751	11.522861	12.088759	11.284018	12.112041	11.613601	12.188912	11.374878	13.762942	11.23008	14.658312	15.5543585	9.589834	7.980218	14.292196	12.904495	12.352701	9.505254	7.7071238	7.973432	9.140434	10.51689	13.191289	10.964495	10.342235	12.507514	7.766923	10.185449	11.553594	10.529331	10.829297	12.016884	13.174442	11.753326	14.146751	9.08005	10.803757	7.9935727	9.897876	9.585469	10.31991
20	2.8510945	2.8589811	2.8347833	2.8495913	2.872456	2.8152223	2.9532518	2.8372703	0.49058074	0.59331286	0.16927	0.4154099	1.0563613	0.09983715	1.0973164	0.27093703	0.44885522	0.38762665	0.45518214	0.549293	0.0	0.5733178	0.3659271	0.60905856	11.554201	12.297137	12.086993	11.36821	11.780239	11.218998	11.132952	12.28798	11.778385	10.9391575	11.650281	12.328993	11.881799	11.596276	11.938789	11.048142	12.562512	11.300802	11.972941	11.401995	11.461507	11.847122	15.75503	11.583168	10.37412	15.907288	11.120721	13.248519	12.975505	12.959918	8.430266	10.963611	8.458052	8.520128	10.729017	12.089363	10.073803	11.13138	13.997526	12.011113	10.718373	10.117538	11.187307	11.521619	8.4731865	8.726404	10.443999	14.322822	15.674157	14.026098	13.101574	7.73355	10.627642	9.445196	8.629113	11.735315	14.952367	10.465014	10.977544	11.940253	12.507305	11.566794	12.441963	11.945804	12.523418	11.7730255	14.091004	11.584262	15.039632	15.926881	9.939346	8.506408	14.600155	13.284376	12.727282	9.927138	8.231312	8.499619	9.540041	10.904427	13.485929	11.330542	10.732761	12.871559	8.293382	10.481639	11.972593	10.9471	11.195754	12.329631	13.47915	12.1295805	14.537572	9.503688	11.08818	8.523356	10.31883	9.990135	10.734579
21	2.2779188	2.2858093	2.261635	2.2764292	2.2992911	2.2420833	2.3805494	2.2641118	0.37095666	0.11354784	0.5643088	0.30080333	0.85266507	0.4872591	0.8500334	0.5239092	0.237794	0.38071105	0.6756641	0.062005926	0.5733178	0.0	0.48831707	0.12976599	11.013903	11.768204	11.541973	10.810913	11.233816	10.669755	10.587399	11.748311	11.224546	10.38814	11.089437	11.784287	11.327383	11.052895	11.393332	10.50488	12.010991	10.753311	11.421142	10.850194	10.907524	11.282871	15.312414	11.085965	9.9426	15.481272	10.656266	12.902416	12.610466	12.613639	7.8676457	10.502244	7.9030457	7.9682555	10.253676	11.668826	9.573513	10.683733	13.606229	11.574387	10.225188	9.656271	10.675496	11.050008	7.9178896	8.300657	10.036206	13.9597845	15.240875	13.653714	12.700037	7.16633	10.283879	9.053479	8.066888	11.345475	14.513945	10.081342	10.571853	11.468525	12.034543	11.22295	12.052461	11.554099	12.129519	11.319021	13.703323	11.171556	14.601405	15.496933	9.531024	7.9429874	14.231873	12.847456	12.295323	9.4512205	7.6692457	7.9362	9.084584	10.460264	13.130553	10.906585	10.285801	12.449541	7.7297716	10.124694	11.499397	10.474989	10.771404	11.956674	13.113998	11.696032	14.090458	9.026151	10.742717	7.9575725	9.8437805	9.530022	10.265296
22	2.6670413	2.6747866	2.6502435	2.6652446	2.688016	2.6306262	2.7615247	2.6529312	0.18113397	0.4338193	0.21608438	0.5445348	0.69182265	0.37173122	0.73644835	0.10473653	0.5315758	0.5731448	0.18893701	0.5065186	0.3659271	0.48831707	0.0	0.43925187	11.47598	12.23816	11.999735	11.254054	11.6902685	11.123378	11.044866	12.210755	11.672483	10.839814	11.526547	12.242299	11.774527	11.512293	11.8507	10.964516	12.461664	11.208789	11.871613	11.300807	11.355353	11.712954	15.409315	11.263138	10.025904	15.556592	10.784045	12.884544	12.613465	12.595974	8.185109	10.625693	8.197332	8.254135	10.397373	11.737727	9.756273	10.788193	13.639291	11.664101	10.3962145	9.779848	10.877315	11.187985	8.212968	8.377034	10.089598	13.96045	15.325545	13.664913	12.745394	7.5018716	10.263654	9.08771	8.382865	11.377082	14.605408	10.105919	10.622568	11.60656	12.173948	11.202741	12.083579	11.587876	12.165818	11.431998	13.732133	11.230774	14.6926	15.577275	9.585179	8.26317	14.238396	12.937191	12.378691	9.59606	7.9849906	8.25638	9.200238	10.56009	13.122787	10.979956	10.389439	12.520181	8.050788	10.118915	11.639569	10.613866	10.8453045	11.968671	13.1170845	11.781572	14.193537	9.173574	10.724295	8.286546	9.9871855	9.652017	10.4001255
23	2.2561646	2.2640007	2.239609	2.2545273	2.2773874	2.2199903	2.3552153	2.2421896	0.28767914	0.019651698	0.5628431	0.41307992	0.7238253	0.53636086	0.7202829	0.49863583	0.35413718	0.48957273	0.61698306	0.19017036	0.60905856	0.12976599	0.43925187	0.0	11.037612	11.798929	11.562262	10.82095	11.253101	10.686934	10.607442	11.772334	11.237761	10.4039135	11.095718	11.804772	11.340066	11.074447	11.413317	10.526609	12.026107	10.771856	11.4361	10.865235	10.920654	11.285025	15.213269	11.002258	9.84054	15.378458	10.562322	12.7862015	12.496812	12.497426	7.821408	10.40745	7.8493567	7.912012	10.162793	11.5646305	9.490799	10.585463	13.496755	11.473646	10.140005	9.56136	10.597353	10.958107	7.8644505	8.197129	9.9293585	13.845934	15.13961	13.541217	12.592289	7.1261578	10.167143	8.943635	8.0202	11.2355795	14.413791	9.9703	10.464674	11.376693	11.943052	11.106315	11.942571	11.444538	12.020383	11.222386	13.59325	11.065764	14.501212	15.394956	9.424213	7.8976803	14.118798	12.746858	12.193584	9.360425	7.622386	7.8908906	8.988079	10.3611355	13.015582	10.80302	10.187324	12.345712	7.6846957	10.009675	11.407993	10.383181	10.667908	11.84414	13.000397	11.594592	13.992317	8.935791	10.626244	7.9152803	9.752769	9.434788	10.172657
24	8.932864	8.92616	8.949768	8.935392	8.914733	8.967984	8.871295	8.946699	11.308796	11.044667	11.577503	11.147223	11.285788	11.455542	11.207349	11.532823	11.106473	11.196327	11.644304	11.020182	11.554201	11.013903	11.47598	11.037612	0.0	0.98561627	0.60685486	1.1794624	0.44223976	0.65308404	0.52870136	0.73510605	0.9322558	0.9140225	1.4968325	0.82084715	1.0076993	0.19036609	0.4991954	0.5366435	1.2570666	0.5122774	0.8650982	0.7580466	0.9103679	1.8800726	13.71181	9.448808	10.877036	14.310903	10.3148985	14.456647	13.860373	14.261569	5.9546337	10.336873	6.4244814	6.5836496	9.828829	11.999177	8.813263	10.795081	13.9112425	11.529619	9.254499	10.007432	8.741028	10.277304	6.4054275	10.406833	11.468237	14.811159	13.933223	14.388007	13.077025	5.850508	12.898485	11.373581	5.9344254	12.54565	13.279852	12.007242	11.774708	10.471056	10.725129	13.436665	12.965344	12.622294	12.909901	10.923708	14.063439	11.921244	13.345117	14.211382	11.230943	5.8764443	14.882613	12.249394	12.057852	9.5321245	6.0475187	5.8783717	9.966263	10.785913	14.412372	11.510798	10.636073	12.410169	5.921645	12.562303	10.4402	10.01339	11.433697	13.277595	14.187614	11.679224	12.74181	9.363362	13.123957	5.6838813	9.686976	9.993801	10.0123005
25	9.744355	9.737916	9.761069	9.746981	9.726946	9.778815	9.689037	9.757971	12.074896	11.804967	12.329427	11.886167	12.082299	12.197789	12.005088	12.290276	11.848335	11.931544	12.4107275	11.771027	12.297137	11.768204	12.23816	11.798929	0.98561627	0.0	0.9846895	2.0636346	1.1666493	1.6251601	1.5122485	0.6224525	1.6692837	1.8988297	2.2830238	0.94909716	1.690819	1.094215	1.0495856	1.4927349	1.4732735	1.4838113	1.4756923	1.6692067	1.7860662	2.608068	14.539706	10.36079	11.84178	15.152316	11.255643	15.400222	14.801208	15.20917	6.9397397	11.282459	7.408697	7.56709	10.775597	12.934723	9.769626	11.741323	14.821789	12.460107	10.195656	10.97091	9.658806	11.204554	7.389553	11.390469	12.436274	15.730745	14.77318	15.308028	14.000151	6.8320603	13.8740425	12.354252	6.9180646	13.498232	14.13374	12.978919	12.735286	11.386204	11.622316	14.402698	13.90606	13.570833	13.847487	11.852302	14.974177	12.869544	14.196854	15.048322	12.2053	6.861228	15.794684	13.148509	12.973742	10.496526	7.033126	6.863196	10.940007	11.738007	15.348933	12.460394	11.590871	13.327943	6.9072266	13.537514	11.353561	10.955767	12.385733	14.225867	15.120281	12.608382	13.598955	10.335077	14.094871	6.6688995	10.643428	10.959793	10.960793
26	9.432667	9.425808	9.449658	9.435129	9.414116	9.468135	9.367235	9.446613	11.830766	11.569808	12.106116	11.682209	11.791247	11.988739	11.712179	12.058835	11.640199	11.7329	12.165762	11.549877	12.086993	11.541973	11.999735	11.562262	0.60685486	0.9846895	0.0	1.1544292	0.32125467	0.91422343	0.9549475	0.39908037	0.7036335	1.2185042	1.3114052	0.24307595	0.7105143	0.5010367	0.15124725	1.0437922	0.66505164	0.8039526	0.4920096	0.83131593	0.8928037	1.6238602	13.557698	9.411396	10.9538555	14.172435	10.331337	14.476484	13.874575	14.290563	6.149951	10.364	6.6050253	6.755561	9.859184	12.003445	8.8686285	10.823282	13.868893	11.5241585	9.272926	10.081344	8.714353	10.266564	6.585004	10.572297	11.555088	14.783927	13.793078	14.3617	13.056855	6.1192284	13.012654	11.515442	6.110701	12.587561	13.156776	12.106501	11.83835	10.438277	10.662888	13.515382	12.979778	12.65442	12.917794	10.915024	14.021351	11.953297	13.219349	14.067645	11.341541	6.0666394	14.842459	12.189383	12.025379	9.609464	6.259286	6.069185	10.075846	10.82803	14.417399	11.5462265	10.685156	12.380789	6.1315536	12.67525	10.404374	10.033666	11.475101	13.308684	14.184948	11.6711	12.622956	9.46583	13.21947	5.878776	9.741419	10.075552	10.046488
27	8.63542	8.628223	8.652527	8.637707	8.61595	8.671535	8.560984	8.649558	11.080605	10.829907	11.374407	10.972022	10.996877	11.271622	10.916522	11.31954	10.92618	11.027614	11.41285	10.823716	11.36821	10.810913	11.254054	10.82095	1.1794624	2.0636346	1.1544292	0.0	0.89928114	0.61060053	0.8594886	1.547794	0.4958663	0.6312067	0.42108583	1.3402935	0.56525135	1.0089805	1.039197	1.0138202	1.2835366	0.7137867	0.74498844	0.42210114	0.27808586	0.8187463	12.532734	8.298592	9.802454	13.1331625	9.194867	13.339985	12.73996	13.150982	5.011841	9.223953	5.4612017	5.609178	8.717937	10.872138	7.720499	9.68306	12.760344	10.3967285	8.135298	8.930195	7.595549	9.140973	5.4409285	9.422105	10.402482	13.667564	12.755269	13.244781	11.9366	5.020186	11.858298	10.361972	4.9664326	11.443817	12.104128	10.952805	10.689376	9.323481	9.565142	12.364097	11.844867	11.513508	11.785323	9.788781	12.912692	10.812227	12.16897	13.033094	10.187226	4.926882	13.732912	11.090751	10.910999	8.457704	5.1275015	4.9296384	8.921506	9.683764	13.286406	10.404039	9.539076	11.264916	4.9993114	11.520916	9.291177	8.895743	10.331216	12.168242	13.057059	10.544879	11.566729	8.3117075	12.066169	4.7411594	8.593804	8.923311	8.904171
28	9.118047	9.11116	9.135053	9.120497	9.099421	9.153574	9.051928	9.132011	11.52083	11.260787	11.798048	11.376238	11.477429	11.682131	11.398242	11.750003	11.333812	11.427465	11.855648	11.242214	11.780239	11.233816	11.6902685	11.253101	0.44223976	1.1666493	0.32125467	0.89928114	0.0	0.59299177	0.64925593	0.66962737	0.5300992	0.8974118	1.1346581	0.5614942	0.58584017	0.2668812	0.17137074	0.7566996	0.8618607	0.48505932	0.42387024	0.5307586	0.6236438	1.4927579	13.392717	9.194182	10.696266	14.000241	10.09414	14.23924	13.63924	14.050012	5.856898	10.1229925	6.3158293	6.4686074	9.616829	11.771271	8.617214	10.5820675	13.655141	11.29546	9.034543	9.824377	8.492552	10.039398	6.296029	10.288754	11.294492	14.564398	13.621581	14.141724	12.834197	5.811388	12.744059	11.238516	5.822158	12.342097	12.977284	11.8421955	11.585334	10.219691	10.456266	13.257871	12.744147	12.412383	12.684536	10.68733	13.807529	11.711091	13.041097	13.897884	11.0735855	5.774712	14.628037	11.982359	11.807225	9.351199	5.962617	5.7771144	9.8077755	10.581958	14.185542	11.302714	10.436649	12.161526	5.8351965	12.406941	10.186976	9.794966	11.229492	13.067175	13.955904	11.443452	12.441416	9.19966	12.95659	5.585593	9.490728	9.81607	9.802868
29	8.540604	8.533658	8.557637	8.543026	8.521817	8.576256	8.472993	8.554607	10.952984	10.694911	11.234064	10.816717	10.901384	11.121214	10.821953	11.184431	10.773434	10.869052	11.287374	10.679188	11.218998	10.669755	11.123378	10.686934	0.65308404	1.6251601	0.91422343	0.61060053	0.59299177	0.0	0.25063804	1.2365324	0.6474099	0.30484942	1.0068622	1.1529838	0.7594887	0.53449434	0.76402265	0.4094986	1.3524641	0.14164525	0.7740878	0.2532278	0.4130139	1.4111564	13.0956745	8.803138	10.224737	13.688887	9.662833	13.804111	13.208153	13.608703	5.320507	9.68425	5.786677	5.9438066	9.176115	11.347785	8.16019	10.142384	13.265188	10.879158	8.602446	9.354915	8.093938	9.627633	5.767359	9.767141	10.816648	14.162756	13.31194	13.739537	12.427962	5.2445865	12.2499	10.729159	5.295142	11.892581	12.65319	11.356809	11.121889	9.8242855	10.0836115	12.784655	12.313168	11.969389	12.25815	10.273681	13.417316	11.268364	12.719283	13.591242	10.581677	5.240778	14.236053	11.606902	11.410633	8.879734	5.418625	5.2428803	9.316666	10.132866	13.760711	10.857847	9.982989	11.76243	5.2920146	11.913516	9.793918	9.361131	10.780647	12.624698	13.536588	11.029011	12.114061	8.712874	12.473266	5.0493674	9.033909	9.34171	9.359446
30	8.479366	8.472533	8.4963455	8.48184	8.460885	8.514781	8.414631	8.493296	10.875843	10.615015	11.151572	10.728544	10.837268	11.034763	10.758279	11.104085	10.686325	10.779527	11.210826	10.595466	11.132952	10.587399	11.044866	10.607442	0.52870136	1.5122485	0.9549475	0.8594886	0.64925593	0.25063804	0.0	1.2137077	0.8583407	0.40260935	1.2573272	1.1977488	0.96687514	0.48339322	0.8059329	0.16123588	1.4855022	0.20696107	0.93822056	0.49178132	0.65871537	1.6615812	13.312656	8.993277	10.377371	13.902106	9.835998	13.973899	13.379963	13.775645	5.431968	9.853982	5.9037833	6.0643253	9.345219	11.523616	8.321952	10.311429	13.453864	11.058254	8.775912	9.509193	8.281708	9.809217	5.8849072	9.886733	10.965378	14.346721	13.525693	13.923397	12.610603	5.3218455	12.388019	10.857536	5.4148955	12.056098	12.863231	11.500797	11.278531	10.012215	10.279606	12.93527	12.485315	12.136063	12.432368	10.454158	13.605853	11.435443	12.9299345	13.805705	10.721949	5.354623	14.423714	11.801314	11.597411	9.033204	5.522603	5.3564515	9.458143	10.297373	13.935148	11.024074	10.145285	11.948114	5.3970275	12.052235	9.982747	9.53332	10.944961	12.7913885	13.713476	11.20882	12.323344	8.857458	12.618075	5.161499	9.195149	9.493243	9.527146
31	9.667173	9.660454	9.684088	9.669696	9.648999	9.70233	9.605179	9.68102	12.043689	11.779349	12.31183	11.880672	12.020633	12.189262	11.942154	12.267414	11.840133	11.929489	12.379219	11.754406	12.28798	11.748311	12.210755	11.772334	0.73510605	0.6224525	0.39908037	1.547794	0.66962737	1.2365324	1.2137077	0.0	1.1025734	1.5385872	1.7081932	0.32775316	1.1048716	0.730759	0.51101094	1.2605087	0.86490357	1.107848	0.88366413	1.2002239	1.2803686	2.0087237	13.943574	9.8098755	11.349788	14.56076	10.730246	14.8754225	14.273586	14.689293	6.526493	10.762648	6.9850054	7.1373343	10.257699	12.402519	9.26584	11.22192	14.266895	11.923223	9.67175	10.477405	9.11319	10.665604	6.965166	10.95667	11.950222	15.182504	14.181203	14.760319	13.455677	6.476322	13.405076	11.903904	6.4911966	12.985782	13.547489	12.500486	12.235341	10.836846	11.060007	13.911396	13.378777	13.053008	13.3168545	11.314072	14.419359	12.351861	13.609683	14.455156	11.734174	6.4442286	15.240522	12.5865	12.423879	10.005177	6.632137	6.446644	10.46839	11.226142	14.816479	11.944654	11.082918	12.779377	6.504746	13.06778	10.802841	10.432482	11.873285	13.707327	14.584011	12.070143	13.014314	9.859071	13.613951	6.255192	10.138792	10.470955	10.444877
32	9.067485	9.060383	9.084573	9.069826	9.04827	9.103439	8.99565	9.081578	11.500298	11.246289	11.788608	11.379234	11.429766	11.681213	11.349743	11.736049	11.334566	11.433317	11.833583	11.235833	11.778385	11.224546	11.672483	11.237761	0.9322558	1.6692837	0.7036335	0.4958663	0.5300992	0.6474099	0.8583407	1.1025734	0.0	0.8622537	0.6137808	0.86042917	0.11260537	0.7419041	0.61977977	1.0147946	0.8058258	0.65316355	0.24996358	0.40489626	0.31715	0.96268225	12.873336	8.707961	10.259961	13.483951	9.6292095	13.774198	13.171942	13.58905	5.503143	9.662823	5.9497433	6.096022	9.158449	11.300381	8.17166	10.122129	13.165892	10.820742	8.571147	9.387217	8.010722	9.563062	5.929331	9.904664	10.86307	14.080408	13.104959	13.658156	12.353225	5.515998	12.326763	10.838598	5.4548793	11.887642	12.46449	11.41713	11.141755	9.734771	9.960983	12.821117	12.277224	11.95339	12.214854	10.211544	13.318344	11.2523575	12.52767	13.380508	10.655382	5.41757	14.139391	11.487454	11.321921	8.916246	5.6206594	5.4204116	9.390097	10.128472	13.714247	10.845718	9.986585	11.677266	5.492389	11.989156	9.700945	9.331905	10.775317	12.6074705	13.481523	10.967607	11.929673	8.778574	12.528851	5.232724	9.04395	9.383039	9.346142
