	0	1	2	3	4	5	6	7	8	9	10	11	12	13	14	15	16	17	18	19	20	21	22	23	24	25	26	27	28	29	30	31	32	33	34	35	36	37	38	39	40	41	42	43	44	45	46	47	48	49	50	51	52	53	54	55	56	57	58	59	60	61	62	63	64	65	66	67	68	69	70	71	72	73	74	75	76	77	78	79	80	81	82	83	84	85	86	87	88	89	90	91	92	93	94	95	96	97	98	99	100	101	102	103	104	105	106	107	108	109	110	111	112	113	114	115	116	117	118	119	120	121	122
0	0.0	86.4078	54.83524	120.06064	89.59177	50.622623	68.933846	77.56665	136.94165	164.66075	324.1985	163.74112	85.26177	115.78915	138.87726	155.1436	116.90403	199.20255	153.73984	189.15482	197.01173	134.37556	162.57019	142.63504	187.99467	258.83078	227.14067	173.85475	222.86913	214.83545	171.27022	101.662636	339.92416	157.21338	140.43713	95.83194	224.3759	342.28558	131.01703	226.48488	189.84947	136.4809	270.62842	183.19414	152.3968	191.95894	215.83981	232.36969	306.96823	275.6233	225.39865	345.48654	295.91385	340.3929	217.5158	226.15434	278.09705	246.13583	255.14822	323.61505	328.60464	252.7114	319.07806	290.0356	282.58304	152.27681	225.05627	291.0634	236.75026	111.40163	196.06088	361.21555	135.28558	306.38	274.81146	244.38802	213.11136	252.677	192.38327	191.45976	239.94576	279.8486	165.19879	259.56375	97.774155	268.5149	190.12938	295.4111	233.99364	149.73438	193.09036	265.829	176.58418	257.44217	272.43945	249.58127	340.3318	310.72565	442.35757	294.64252	252.13707	220.18849	276.4987	237.71829	241.45596	275.53757	215.27206	334.50238	171.31824	309.64716	279.39413	296.97293	213.45706	344.7193	320.62726	341.8137	187.6383	278.42584	282.04126	215.40286	208.07558	336.57022	219.77359
1	86.4078	0.0	88.90298	54.066166	74.36631	49.31371	104.55155	55.096558	77.55334	118.255775	260.29446	145.88062	105.27986	75.89379	153.66061	83.879135	87.57881	140.74762	96.28606	123.60806	163.89818	131.50697	123.09745	126.81749	126.5146	210.09784	184.89494	115.377945	160.99266	195.73372	159.17628	101.43349	324.50623	151.83676	72.18635	105.285835	163.52731	263.00586	77.35344	186.92969	153.40746	106.2821	198.83186	151.28975	115.07038	127.01629	174.04211	190.68738	254.7708	259.63004	146.99612	287.39758	237.78459	272.93497	136.13219	231.4799	194.84465	163.21	195.01486	257.036	244.9793	193.42119	284.54654	223.40749	223.18631	122.19241	155.89412	206.1195	155.65411	153.84485	206.34169	305.6886	167.31487	273.44836	231.69794	226.4587	172.04976	232.24834	107.70612	194.16403	220.1727	237.49554	120.32429	186.08058	94.102036	224.18668	194.05966	244.36494	190.66154	136.96754	151.84464	188.74362	127.152885	195.63638	194.65385	163.36014	291.96573	248.65361	357.6175	215.37521	231.41467	135.5744	195.87575	191.70193	224.98975	237.07784	188.78073	258.48795	86.85293	239.46043	204.95317	212.9005	149.98726	272.6748	273.8052	256.0914	168.49352	203.94963	236.5913	130.43066	214.24619	257.54916	148.9886
2	54.83524	88.90298	0.0	95.10337	55.983566	58.474392	59.843975	49.908344	117.28568	173.8349	327.21066	182.58662	111.4884	115.77804	155.63123	154.10616	138.27663	196.0439	171.48465	172.41475	202.38077	168.18011	148.20703	144.40048	184.85027	265.57587	256.0144	189.08984	230.31187	246.13025	195.60876	116.06521	364.13242	196.83556	156.91536	134.28395	242.40556	350.48105	134.10046	246.29668	198.152	158.48512	287.1911	211.02187	184.19711	212.76045	244.75249	249.54213	321.852	314.21484	198.81972	369.9437	321.49783	360.4587	221.45142	222.34525	278.59872	241.7837	261.271	344.9604	318.93	269.42496	354.26987	305.7232	274.93314	134.46046	193.82681	273.51154	242.84088	165.53194	226.20891	390.39532	185.08595	346.3488	307.6395	289.6095	248.28362	271.60587	192.62288	241.56058	281.66086	285.9429	196.8854	250.79327	141.38953	303.3433	238.99184	320.21463	268.04474	194.37885	154.48508	259.55405	133.499	281.81564	251.48927	243.41347	373.59695	330.58755	439.4461	303.25244	295.5823	210.75322	256.48074	226.45865	282.12006	301.3324	207.2495	328.01248	161.1639	316.22876	281.13293	293.631	234.93077	356.1925	353.89645	336.86142	227.4312	288.61273	314.7717	201.51436	249.76625	342.96976	228.22931
3	120.06064	54.066166	95.10337	0.0	67.26762	82.655365	120.66598	51.050026	63.36601	141.31273	266.18835	177.65201	143.18182	95.55132	183.13412	94.40848	127.35567	145.57416	130.51761	108.7014	180.81134	176.2071	120.26991	144.45802	122.09171	214.70172	217.37254	137.64076	168.38962	235.97289	186.66635	124.38673	346.3153	195.17426	105.58967	148.48557	184.88626	269.6492	89.40963	208.20084	163.60023	136.96924	218.82086	184.09042	157.17644	156.77394	212.47755	217.14114	275.1672	303.97955	106.038826	314.7425	267.7213	294.3751	140.98698	241.21577	193.90749	157.68176	207.28148	279.24548	230.40388	217.15067	324.37305	243.21375	219.03796	106.7741	115.44724	179.52997	164.11429	204.47144	244.99437	336.33307	218.63417	316.87674	270.3488	275.6245	214.00725	260.26016	111.09584	246.90323	267.8009	250.92494	165.03908	177.5892	148.03685	263.34344	247.01889	274.72562	231.93112	189.22552	116.07163	175.75157	73.51348	224.3127	167.40244	152.45407	326.68655	267.94305	348.87756	223.03613	277.59244	119.36023	164.19026	187.37894	267.2684	269.9913	191.87613	250.57086	71.482414	242.17293	208.54071	203.84534	180.52208	285.18094	310.50763	245.48718	216.79095	213.13168	271.7928	109.53081	261.83997	260.24207	164.49481
4	89.59177	74.36631	55.983566	67.26762	0.0	53.745632	58.63875	56.12839	64.91297	133.13893	278.41556	151.47757	101.82047	74.12444	135.22472	110.8369	112.62129	146.09264	141.09024	118.61046	158.82042	152.91568	95.37126	105.23784	183.12491	272.34164	259.00003	187.32309	227.37167	222.12859	219.9762	146.31339	388.25333	216.52914	145.65518	159.85164	236.24701	315.78317	138.32472	256.3756	212.70741	172.81013	258.6183	222.3525	187.69318	198.7181	218.98396	211.49039	280.27713	296.22733	161.86284	339.5248	294.74228	331.23206	197.58287	189.12946	239.66612	198.54913	215.23036	323.61386	272.46426	232.05746	331.9828	269.0027	221.49654	150.39612	144.49008	231.2979	209.5446	192.3099	208.87965	369.2521	193.05817	334.65833	285.81622	288.09033	242.54639	237.00127	159.03787	251.28847	269.77625	239.66365	182.16148	199.39073	143.6968	292.62973	240.07198	288.38074	251.66835	197.18947	103.70243	242.09048	106.972755	265.02032	200.58044	208.11122	361.10114	320.59952	399.06607	275.16757	299.87228	182.28636	228.18733	173.12468	295.02844	269.36993	159.40353	277.33823	133.9348	304.49695	235.18336	264.6319	208.49963	316.6252	334.50937	298.36328	214.8182	270.2554	309.60822	160.36707	240.0299	318.29358	188.07396
5	50.622623	49.31371	58.474392	82.655365	53.745632	0.0	57.70876	58.635227	87.408485	120.81548	277.6991	131.206	68.33093	67.909065	119.02452	106.440636	80.9399	150.48308	114.54549	138.64235	155.72981	114.89398	115.65896	104.405495	171.42686	252.348	220.41562	158.65399	207.04373	190.33197	184.0597	116.69401	353.62512	169.45724	114.822136	113.81342	207.09427	303.3213	117.90438	224.63057	189.6624	137.25645	236.08807	183.52202	145.007	167.26637	186.29253	194.33575	266.75302	258.34692	184.28879	313.0502	265.36566	307.2323	183.77446	200.0877	234.83034	199.64671	209.72311	296.11398	281.04724	213.11328	296.2322	250.72963	233.67662	149.0227	178.58458	245.97833	196.78151	139.91591	181.1742	336.30746	144.56822	291.8602	250.01834	239.5277	199.84755	221.31406	150.63759	198.65608	226.13724	237.64978	141.7457	209.58066	91.874626	252.05917	190.0559	262.1553	212.40117	146.60754	151.28615	237.76341	145.45076	233.0205	223.07338	208.06366	322.8781	291.93042	399.30936	259.71597	251.44638	182.98079	240.69914	190.69298	247.81587	243.71394	174.20515	285.29532	133.69821	287.6371	232.59587	260.60022	180.09	303.4769	297.987	299.24377	171.43947	250.89154	269.7711	170.02797	199.42946	304.5203	175.72208
6	68.933846	104.55155	59.843975	120.66598	58.63875	57.70876	0.0	93.021034	109.601746	142.31253	299.3523	138.04498	68.54363	88.708435	99.751465	142.0349	109.92077	168.85423	154.93462	157.66962	158.98993	131.48344	115.941284	96.73062	224.21793	306.81772	276.64172	216.18256	263.4835	207.6076	233.79767	160.8747	403.88998	218.37883	171.91537	159.81075	264.7369	350.05573	171.72081	280.40335	241.83867	191.49199	284.89603	238.60959	200.23285	222.97188	220.4147	213.01357	288.9755	279.90884	218.70102	352.85156	308.86066	353.66516	237.25572	165.3402	278.68018	238.96875	232.92038	348.4821	316.16382	246.23805	328.02673	289.20508	245.03944	188.31273	197.52196	282.9945	244.86078	166.87962	175.5696	383.51465	157.91725	333.6702	288.86703	281.09326	251.55865	223.18045	198.74715	236.97475	258.8006	244.20772	189.10716	234.6837	133.4247	301.696	219.09349	295.6116	256.87933	190.72212	146.64783	289.8057	164.02756	286.40366	248.08101	254.25134	373.23175	348.98672	441.89072	311.3031	299.10748	231.35092	283.40012	190.61925	298.09744	267.1428	161.07472	312.17355	182.144	344.00958	265.2976	310.71042	226.71225	342.07486	341.56818	343.32166	203.86258	306.5518	323.63828	209.72755	211.55777	357.86166	213.1092
7	77.56665	55.096558	49.908344	51.050026	56.12839	58.635227	93.021034	0.0	94.43339	160.83272	303.83664	183.50047	126.587105	106.481094	174.01093	126.635635	130.77783	177.42722	149.14944	148.19263	198.35086	170.9518	141.41905	149.7911	137.84766	223.29199	222.23473	148.08893	185.15294	242.42851	169.81139	94.35206	336.43115	178.22626	119.26756	121.32169	201.22906	309.55118	90.80067	209.58221	160.32051	126.73459	250.31778	179.69604	155.43956	175.51495	227.55135	237.64307	303.7014	308.93344	155.04	341.99628	292.50418	325.46945	175.8823	242.18242	237.64926	203.23296	240.13512	306.65756	279.48355	245.55148	338.4176	275.90573	256.31757	97.2602	162.1653	230.01564	202.40755	173.07364	239.16628	359.15094	197.25916	326.0546	286.45395	274.3107	221.00488	272.13672	151.01541	233.65143	270.88535	276.6517	173.9689	221.52907	134.31529	275.514	236.74069	298.47372	244.70097	181.02571	143.11893	209.87103	101.328354	245.87704	216.97517	198.041	342.86566	289.06125	395.71393	259.73245	275.14444	162.5036	208.0765	216.80315	259.74686	288.251	209.28459	296.31937	113.621735	269.0838	249.71819	245.73894	204.56926	322.95	328.23923	292.18698	218.11613	243.33711	282.7671	158.98601	255.22818	296.64972	198.66766
8	136.94165	77.55334	117.28568	63.36601	64.91297	87.408485	109.601746	94.43339	0.0	92.87798	218.33795	131.5117	120.09606	52.38831	142.60916	57.26791	97.870285	89.58687	105.208855	55.400436	122.748024	147.7461	57.957207	92.49036	173.99956	264.88925	245.96439	174.56557	210.62971	198.16171	234.16801	174.45404	395.2339	226.59389	127.56697	182.03064	213.906	259.93015	141.09439	251.79234	217.79257	180.18791	210.69598	221.37033	181.77216	170.42317	184.48734	169.38377	228.8182	272.90646	120.65882	291.24136	250.35704	281.49417	157.64305	186.43097	181.38614	137.45096	158.89769	280.995	209.3365	181.51117	297.42987	215.19627	163.08006	169.989	95.7618	175.19133	157.74852	218.62881	204.46124	327.81247	207.60431	307.5008	250.11665	274.4395	222.56178	207.34964	110.19044	253.06332	249.55237	192.78117	159.12163	134.79597	149.57388	264.83347	237.58485	242.9055	221.69962	194.27625	82.416504	210.13716	105.50782	229.65279	139.50615	155.61967	328.4516	289.8291	338.69373	226.46135	289.3298	140.84935	189.63008	125.00306	292.7921	229.70407	129.40526	212.5619	99.68082	273.63293	172.9114	217.06256	167.23914	258.31638	297.6739	240.56793	197.89818	232.36578	285.6729	105.185165	233.33026	272.35376	132.77634
9	164.66075	118.255775	173.8349	141.31273	133.13893	120.81548	142.31253	160.83272	92.87798	0.0	161.87994	55.144466	102.84456	59.44212	105.24102	57.35887	54.321293	50.987915	54.05009	88.12347	53.452892	86.747025	75.72432	66.72114	219.5315	296.67493	237.03918	190.97937	235.94917	109.09611	256.10153	214.10396	409.71628	223.61726	135.54404	194.59756	215.64462	231.62376	183.96968	266.80814	254.86586	201.97824	172.36136	227.26689	175.05058	156.6425	104.34627	78.91674	148.68973	185.01537	186.09503	222.14282	186.98854	230.62149	168.57837	161.01517	168.77512	133.46341	92.77483	244.98785	207.42285	107.78147	213.28212	154.03479	128.93515	236.95857	161.80032	205.82451	143.05849	204.23633	132.82434	269.88177	163.18909	239.8708	175.48444	217.51463	186.03136	120.93633	119.963264	210.5409	173.92766	120.516396	113.65543	120.493416	125.36394	215.71335	177.6723	163.02641	160.22281	157.84346	156.74649	245.4027	197.04193	196.51804	167.37135	172.5152	278.537	277.72562	326.79196	212.24553	248.72139	177.90051	241.06583	102.6728	272.10748	139.32748	102.060165	188.19028	147.60846	287.12762	133.77821	231.3505	117.8992	206.15886	230.91727	240.93378	127.01042	231.34283	252.74734	141.61778	156.72783	267.93124	84.221634
10	324.1985	260.29446	327.21066	266.18835	278.41556	277.6991	299.3523	303.83664	218.33795	161.87994	0.0	190.78171	263.20013	213.89018	249.15005	177.75276	212.64975	132.9356	180.40283	170.79488	154.10455	230.28474	195.75952	211.39177	313.9391	375.94095	317.45404	288.56622	312.86896	188.93283	376.52124	353.05154	500.39645	345.8973	248.03355	335.7395	285.48044	175.35463	303.6356	357.18176	361.6207	324.17203	173.42825	332.35837	287.17984	235.68542	167.58626	120.46743	73.546265	227.1389	242.74539	168.6022	173.86673	185.98969	223.55363	253.6236	148.62204	139.72862	69.88795	236.23451	141.9388	103.94989	210.5089	109.31251	82.62821	358.27744	216.18546	198.65652	167.92818	350.3691	242.98831	244.9772	303.09616	267.05966	193.536	291.81027	263.23752	164.14871	189.06642	320.62787	239.62987	95.58597	218.02234	100.897804	270.03745	257.9311	286.08627	136.2294	213.91821	277.75705	248.03989	289.6855	299.14935	231.50108	162.69797	193.91365	287.24625	305.5974	231.38086	206.12085	325.82327	232.92719	273.62143	140.75162	363.78308	140.06433	180.66444	79.0681	237.4812	317.89313	75.86436	234.29948	172.29736	113.072914	228.79541	192.43454	225.94952	257.60016	299.45834	191.41005	256.58905	255.15503	121.0875
11	163.74112	145.88062	182.58662	177.65201	151.47757	131.206	138.04498	183.50047	131.5117	55.144466	190.78171	0.0	83.16388	83.95363	64.983025	108.62087	61.05567	98.01415	89.16887	136.2352	54.6205	55.35149	102.505066	60.296654	258.86478	332.64972	260.96863	224.14194	274.5692	80.19542	274.804	231.63554	430.1449	232.88336	168.71849	202.9291	250.15562	274.62885	215.78313	294.97296	285.00284	224.72253	209.85657	249.1559	194.81262	190.24437	110.23223	81.94104	160.75893	160.2461	237.7361	240.51085	208.47565	260.71042	215.53447	133.71352	219.22795	187.11417	125.34758	277.43796	258.9152	134.33403	207.60551	185.20956	161.57695	267.94235	210.04016	260.92273	191.32677	190.40604	78.38781	289.16833	130.69054	241.07425	181.81975	213.45184	202.37419	90.20273	170.70813	200.90666	160.91354	124.88741	130.3808	169.66617	123.534294	230.92903	156.12775	174.33784	171.57181	157.71574	188.81682	294.11435	235.65016	226.6613	219.63432	225.87486	295.8158	312.15445	374.3996	257.20074	253.16891	229.19215	294.16483	127.071915	281.44836	134.13501	103.68832	232.0112	195.1306	330.45105	178.48157	282.67123	149.81703	240.34805	241.96686	292.58093	114.45429	274.22922	273.11954	195.95592	115.85189	313.7095	130.50374
12	85.26177	105.27986	111.4884	143.18182	101.82047	68.33093	68.54363	126.587105	120.09606	102.84456	263.20013	83.16388	0.0	72.92712	57.550045	122.98804	59.909367	145.24966	112.16515	156.0468	122.584694	63.795757	115.53645	73.191536	229.04897	304.1859	246.77654	201.4466	254.99345	142.12782	227.2284	171.1463	392.3311	192.88219	151.0075	146.96385	241.52158	316.72858	175.78621	266.44952	244.0375	182.4825	245.08006	218.32193	170.59949	191.18272	161.0632	160.49103	238.94913	211.93758	233.62955	298.50372	256.22418	307.3331	220.15404	156.39665	254.5439	220.08694	194.28871	307.0397	300.65448	197.41193	263.4008	243.15784	223.71883	216.0236	215.27708	281.56937	217.66936	134.56648	115.31335	330.52997	99.89713	272.98602	228.77863	223.05782	205.74861	169.50421	181.64107	184.87167	193.32738	204.49527	139.67386	217.03134	87.12959	250.50714	156.45975	238.58185	200.91609	141.01291	180.05493	287.66003	204.02574	245.37646	248.21895	242.52281	322.10608	318.55722	418.9532	282.9367	250.06331	228.62558	292.05707	177.54428	261.1427	206.74559	147.61862	289.41196	183.3481	328.9668	234.16855	297.6184	181.66054	300.0524	283.86798	325.71866	139.3061	283.23257	280.4758	206.92772	143.60872	334.0898	176.8098
13	115.78915	75.89379	115.77804	95.55132	74.12444	67.909065	88.708435	106.481094	52.38831	59.44212	213.89018	83.95363	72.92712	0.0	95.54709	57.26275	49.9358	84.33924	77.500656	83.88147	92.08719	96.505875	56.92164	53.317493	194.28365	278.88272	236.98235	177.35999	223.36127	152.81186	229.77823	173.26869	393.50684	207.62234	123.25906	164.44434	215.27802	266.50772	151.46136	253.16032	227.41708	176.30844	205.77797	213.755	166.47096	163.68118	150.2034	137.49084	207.81671	228.87682	167.23067	272.85373	231.6956	272.8944	171.62703	160.11984	195.48227	155.55511	146.99393	275.5029	233.43636	162.08109	262.7989	203.71599	166.83466	192.57092	144.62476	211.80255	165.1638	183.14929	153.68674	310.79477	159.16965	276.2388	220.23982	239.58498	200.8465	168.12657	124.605774	216.01932	208.73936	172.14589	130.6096	150.41765	112.268875	242.73311	192.80194	217.45705	193.54565	160.16322	122.71386	237.35349	152.55995	219.80028	175.60077	180.72577	310.158	290.58304	358.17587	235.12384	261.96207	170.44191	229.81892	124.91245	272.27652	195.73004	114.1727	226.39175	128.07718	289.0501	176.74417	240.74275	150.68956	254.60179	272.9295	263.35526	155.22131	241.98822	270.50394	139.14667	182.66255	286.02036	125.68799
14	138.87726	153.66061	155.63123	183.13412	135.22472	119.02452	99.751465	174.01093	142.60916	105.24102	249.15005	64.983025	57.550045	95.54709	0.0	144.43674	88.17065	142.07527	136.30107	163.81546	97.29793	76.85677	112.49052	57.931686	278.58344	356.14435	293.5108	250.80354	303.40118	130.62321	283.63882	228.2122	446.92676	245.58777	197.07407	203.58665	286.44772	334.14478	228.1895	318.7922	298.80872	237.5939	267.40552	270.64093	219.87842	231.02036	169.25224	145.42735	223.0904	204.3754	261.7251	303.9498	269.60526	322.62488	256.58188	105.02177	273.00912	236.44312	185.28299	333.54672	310.05252	198.82329	262.9244	249.1805	206.27339	267.65497	229.6868	301.24707	242.72823	181.51917	81.30167	347.99564	124.081505	290.4703	239.2112	250.2261	242.90976	132.5412	211.92543	220.85733	204.72823	174.1842	172.82808	217.42897	135.31354	279.49426	178.60962	237.8233	223.2929	181.9762	186.57932	328.32404	235.56815	277.27264	256.28577	269.68353	348.18964	357.71762	431.9849	310.4728	286.7744	263.62302	325.16046	155.57242	306.91025	194.67749	113.915375	285.95523	221.6149	370.928	236.83215	328.39825	204.96623	304.29422	298.80713	344.9885	155.88925	320.11618	317.12857	231.76004	137.37082	364.99582	188.13025
15	155.1436	83.879135	154.10616	94.40848	110.8369	106.440636	142.0349	126.635635	57.26791	57.35887	177.75276	108.62087	122.98804	57.26275	144.43674	0.0	74.65889	60.943554	55.54942	59.068172	103.10819	123.84198	78.46476	97.92573	169.19757	251.35179	212.05225	152.04387	190.86017	157.94627	225.18318	182.22491	378.03397	206.78546	100.171074	175.88864	180.66939	211.53458	140.27864	230.96693	212.28362	169.26627	157.04126	198.769	153.34671	128.81369	132.19734	125.47864	180.90663	227.32886	131.08647	234.16919	193.2605	226.05315	123.64867	199.84705	138.42694	98.876945	114.37736	229.27066	179.30688	126.51365	243.70157	159.4738	141.18338	190.17067	118.957954	160.50957	110.46342	208.36003	185.20363	271.73065	190.13797	254.78177	194.91292	229.671	178.00435	177.08023	72.14021	219.98087	202.35204	162.22227	113.549904	105.85582	128.67587	213.9912	202.57169	187.28008	169.06114	161.22043	131.46135	193.30461	149.3338	179.75436	132.57808	125.9069	275.6458	248.64174	301.3966	181.47945	247.82715	123.76826	185.83652	120.99711	259.9188	179.95857	134.08888	179.38527	91.57022	244.21887	127.246056	186.78029	111.841835	205.84285	241.68335	206.25737	155.04088	194.06721	239.72795	89.175514	201.23375	232.6324	77.57035
16	116.90403	87.57881	138.27663	127.35567	112.62129	80.9399	109.92077	130.77783	97.870285	54.321293	212.64975	61.05567	59.909367	49.9358	88.17065	74.65889	0.0	101.34871	52.69249	120.60966	94.72801	51.922287	98.94378	71.765724	200.77184	274.97083	211.64494	167.28038	219.05779	112.27274	216.0052	171.96419	374.86472	180.20303	112.03348	146.4627	199.60513	257.1917	155.35902	238.55846	224.58995	164.81749	186.68388	193.4049	140.85788	143.42827	110.95665	115.83647	190.2389	184.0497	199.1419	243.56425	200.82957	249.34525	170.40776	174.82713	196.94914	165.25984	142.766	251.76706	246.58714	140.82465	221.4346	184.55905	182.85893	209.36716	185.95285	233.89706	160.4119	151.04916	122.87495	277.7812	117.63008	232.22987	180.448	193.06398	164.67682	147.52635	130.01373	170.97604	160.6369	169.00618	92.33075	167.72609	74.92234	204.97673	143.489	186.4104	153.17455	117.86983	172.34558	245.18063	193.86697	193.29532	205.2159	190.8124	274.36197	270.80273	360.70047	226.17401	220.46005	184.2394	251.75296	150.30154	237.51962	163.1124	137.07155	236.74217	145.24054	283.17996	177.50757	245.46225	124.16636	241.05183	234.72966	269.56638	106.24695	232.2485	237.49057	161.3152	137.0112	279.27408	117.80878
17	199.20255	140.74762	196.0439	145.57416	146.09264	150.48308	168.85423	177.42722	89.58687	50.987915	132.9356	98.01415	145.24966	84.33924	142.07527	60.943554	101.34871	0.0	88.243805	54.75095	63.25669	137.4767	67.06137	90.86065	227.18	307.94598	262.30975	209.5228	245.8736	148.1874	284.6865	241.1347	435.179	260.5813	157.86842	231.15114	231.15257	217.83739	201.12843	287.76993	272.6356	228.95375	175.24783	255.17506	206.8835	176.02396	136.21329	94.656654	143.54971	220.68085	162.22499	228.17145	199.09818	231.75938	168.25748	168.47073	148.43231	107.12872	72.896385	251.54672	169.9951	112.02785	238.05432	150.75555	84.75628	247.66655	127.36112	171.88469	136.49475	251.0009	174.08823	282.5616	214.01411	270.0651	200.4698	257.2002	217.2058	140.10814	115.673004	256.15884	213.69887	107.11954	150.03697	75.36754	170.86804	242.27159	225.89168	174.85896	190.25665	201.60541	133.8887	238.1825	185.67271	212.22624	122.857666	154.07504	298.65518	288.20874	297.88803	205.92792	285.39606	166.6793	219.90889	65.80887	307.36017	158.24107	90.48778	147.39581	144.6834	287.74634	105.615524	215.99387	135.7971	192.24199	251.49805	214.36548	171.799	232.75412	276.8621	118.64713	203.30177	259.8087	78.58958
18	153.73984	96.28606	171.48465	130.51761	141.09024	114.54549	154.93462	149.14944	105.208855	54.05009	180.40283	89.16887	112.16515	77.500656	136.30107	55.54942	52.69249	88.243805	0.0	111.3658	106.114746	87.75526	115.9089	108.70164	180.22844	249.48207	183.10266	142.13206	188.94574	114.58791	210.37193	180.6163	358.04782	176.5635	88.18303	156.79822	163.8125	204.68417	146.63518	215.64977	210.75969	157.19923	134.682	176.19908	123.902084	103.949394	82.40996	100.9991	161.74377	177.31262	177.08125	200.0625	155.59659	199.3737	127.67681	210.78773	147.41714	121.48957	112.9032	202.36627	203.46677	100.11151	195.58731	137.29054	164.74295	209.62561	173.71312	196.55862	109.79406	175.59935	155.42177	233.45532	150.52357	203.21712	146.48186	176.13667	134.0957	155.38188	88.77776	170.55713	147.25493	160.33994	63.355816	136.37816	93.10427	168.51598	150.01279	149.96094	118.54577	114.54408	183.3259	208.44025	196.24174	147.60193	177.58719	147.43323	233.97794	227.35219	310.51862	174.79803	200.05292	148.9753	219.33206	150.88768	220.56094	142.04843	155.605	198.66454	120.54281	241.29457	134.48866	199.24966	74.5107	192.76889	196.29292	220.98294	100.29888	185.99023	201.0864	128.84152	154.61935	229.23697	70.73985
19	189.15482	123.60806	172.41475	108.7014	118.61046	138.64235	157.66962	148.19263	55.400436	88.12347	170.79488	136.2352	156.0468	83.88147	163.81546	59.068172	120.60966	54.75095	111.3658	0.0	107.35355	167.26822	58.921494	106.78932	200.52892	287.9794	265.18115	199.02216	229.23193	195.84631	272.9402	222.17285	425.8224	262.0408	152.47882	225.86499	227.46976	230.89536	178.75185	277.8709	251.7322	217.4699	194.44664	250.96689	209.41077	180.94884	178.40501	148.4535	193.95949	269.21994	116.38356	266.97238	233.5824	258.84387	157.93785	187.23495	151.52351	104.25959	120.27376	268.9634	165.55913	155.85103	285.00232	186.18576	111.70602	212.57053	75.19611	144.83313	141.1193	259.86606	213.67955	313.414	237.86331	306.23392	240.9074	286.85266	234.9887	191.80415	105.66764	278.27545	253.75447	157.07695	171.76093	83.036194	183.1363	267.30136	257.13443	220.63976	222.0174	219.73967	88.00556	213.36786	134.55727	227.89536	94.50339	137.7739	324.40482	291.61508	300.07556	209.94536	306.09186	139.99008	183.43652	85.89062	317.411	210.44244	111.86684	160.79868	115.12063	275.92126	130.2153	201.97139	160.83919	221.99721	287.4924	208.44798	207.77524	229.24933	292.71027	88.279884	244.353	257.66843	107.619385
20	197.01173	163.89818	202.38077	180.81134	158.82042	155.72981	158.98993	198.35086	122.748024	53.452892	154.10455	54.6205	122.584694	92.08719	97.29793	103.10819	94.72801	63.25669	106.114746	107.35355	0.0	108.56863	78.60162	63.035576	270.3887	349.60022	288.86377	244.36588	288.68912	113.42262	307.02646	260.49734	462.2306	272.31323	188.82188	240.80255	268.265	263.2959	234.24403	320.1586	306.91672	253.41183	212.05707	279.69238	226.7127	208.68536	132.62776	75.01005	141.77574	191.19406	220.33618	242.42297	216.97606	261.05722	217.88693	119.44761	203.02545	166.44612	94.77517	285.39484	227.49701	128.13416	226.94164	177.15263	111.17738	281.87756	181.15009	235.08232	186.2045	239.9425	119.28918	301.19955	185.05641	270.04645	201.98384	253.59183	233.13757	88.205894	167.37291	248.5901	198.49863	85.29236	161.19342	131.75131	167.4216	257.1582	205.91556	177.94362	198.14354	201.24553	163.12378	293.07986	226.49557	242.46996	183.34775	213.20398	316.79532	326.51257	349.90198	254.15118	291.7363	223.07631	280.49823	74.281456	320.00305	140.70296	60.42075	193.02057	194.48471	336.82846	151.07469	273.44434	161.94319	224.41228	260.2962	271.98746	156.8617	279.58508	299.0959	179.224	163.48979	310.56927	119.64819
21	134.37556	131.50697	168.18011	176.2071	152.91568	114.89398	131.48344	170.9518	147.7461	86.747025	230.28474	55.35149	63.795757	96.505875	76.85677	123.84198	51.922287	137.4767	87.75526	167.26822	108.56863	0.0	137.65845	93.660965	241.26387	306.9428	226.92303	198.85211	253.50565	81.39339	235.29037	198.4628	388.48782	186.97003	147.53839	160.29735	226.45279	283.37485	193.43771	261.94348	255.71394	190.46526	208.3846	211.92213	158.40576	169.96338	105.16049	115.80603	192.18706	148.58958	250.6749	244.31184	205.03964	261.31912	209.94026	173.75482	233.18695	206.46179	162.76955	267.26508	285.43393	152.54297	200.64969	198.98808	209.81703	249.21083	236.05016	280.75995	196.10208	137.25447	80.43493	278.41733	78.052574	216.17032	170.69237	173.95518	169.52711	128.61115	174.38966	150.22404	132.76816	174.47379	103.03571	205.50175	77.31017	204.49423	108.3625	182.77872	149.72604	110.78615	216.84848	287.87802	243.28784	209.31012	251.091	234.67607	273.82877	291.67047	392.84384	256.66193	211.33464	230.99736	300.66107	178.10184	236.73566	149.11168	155.2909	268.11716	193.92322	316.1672	206.90707	285.751	143.3324	258.13925	227.96976	307.51474	80.63447	263.40988	243.35161	210.29372	87.81466	310.79883	148.5591
22	162.57019	123.09745	148.20703	120.26991	95.37126	115.65896	115.941284	141.41905	57.957207	75.72432	195.75952	102.505066	115.53645	56.92164	112.49052	78.46476	98.94378	67.06137	115.9089	58.921494	78.60162	137.65845	0.0	55.158302	229.60005	318.447	285.20377	221.96933	261.5378	176.91367	281.36166	221.78209	443.7594	263.302	169.57407	219.6716	256.79556	277.11975	194.41649	300.09186	271.4254	227.0557	229.56609	264.93564	218.85674	205.46387	179.99698	142.67328	204.26678	256.20435	165.29274	290.24786	256.45416	292.5337	199.12141	133.30994	201.80774	156.3922	138.11395	304.10635	220.77823	173.55156	288.0578	214.87357	131.43687	226.01154	120.446724	203.6134	184.05586	238.41289	173.00139	339.07758	206.65411	314.34888	250.45303	286.87744	247.99622	166.10011	146.71555	269.4286	247.4684	150.612	177.08989	129.04933	168.31804	284.0399	240.6042	233.68774	232.33455	214.04884	87.19777	259.69583	153.04102	256.10535	150.63622	190.75511	347.16937	327.09448	354.2307	255.38797	312.47015	187.5536	235.7175	78.252335	325.71628	208.76465	71.71812	205.06328	151.97441	319.11984	170.38231	254.65215	182.55385	258.44507	304.15515	264.20297	197.33266	271.2216	314.32	142.24287	216.52472	306.1878	137.40129
23	142.63504	126.81749	144.40048	144.45802	105.23784	104.405495	96.73062	149.7911	92.49036	66.72114	211.39177	60.296654	73.191536	53.317493	57.931686	97.92573	71.765724	90.86065	108.70164	106.78932	63.035576	93.660965	55.158302	0.0	247.57603	331.2775	280.87924	227.73718	275.22534	140.41484	276.09647	218.39526	440.30853	246.94083	172.43257	203.96341	262.93652	296.43762	203.532	302.38132	278.87006	224.37436	237.54933	259.86465	209.64812	207.53267	160.08722	126.83658	200.542	220.4124	209.89755	285.96445	251.43004	297.13318	219.0554	108.26244	228.54068	187.87877	147.65953	309.09436	258.70245	172.00789	264.72083	219.89865	159.1668	241.87918	173.32971	247.54375	203.25186	204.3788	121.20111	333.4919	160.26712	292.6255	233.0365	259.52606	235.11108	135.09846	169.59998	237.48074	215.74886	147.89136	161.67645	165.16595	140.41768	271.56265	201.59473	223.12991	216.00536	187.94987	135.68088	287.8831	191.53415	256.29337	199.43018	222.88979	338.21695	334.04742	386.00787	273.91568	291.21848	218.90175	276.06528	106.44586	308.8603	188.28992	75.3371	237.46446	179.3504	337.97507	193.04356	284.5212	180.68263	270.81134	290.896	297.52704	164.70627	287.28186	306.58432	180.78188	169.60318	327.68475	149.3603
24	187.99467	126.5146	184.85027	122.09171	183.12491	171.42686	224.21793	137.84766	173.99956	219.5315	313.9391	258.86478	229.04897	194.28365	278.58344	169.19757	200.77184	227.18	180.22844	200.52892	270.3887	241.26387	229.60005	247.57603	0.0	93.55182	140.67804	66.84401	57.749863	288.77588	118.146324	113.04648	241.14365	155.13704	98.616035	143.46709	102.58493	240.954	57.558678	105.99283	64.2161	88.94212	196.73318	112.67947	123.56759	121.56816	241.63391	277.2704	319.35202	334.97122	137.59702	307.98877	256.87317	267.50775	100.61736	353.1961	189.52657	180.78523	263.34503	226.98965	242.80019	248.94081	333.91385	253.76285	293.81488	84.82259	193.73897	186.8089	156.27875	222.25066	320.76056	299.62717	264.65167	296.57184	271.8042	258.06412	179.68909	335.0314	125.20438	237.95421	280.4265	326.17596	175.77618	234.46277	182.72821	226.02118	264.916	292.1453	224.63945	191.38644	229.1891	91.226	154.41814	178.94485	219.65685	139.9316	275.48776	180.3598	320.33737	177.47984	234.6052	95.47304	131.13365	283.50888	205.1989	309.55103	297.76736	286.7086	86.77519	140.3597	241.02048	151.8568	184.14	286.4913	289.5197	221.17044	243.74434	138.05832	208.4087	141.2006	310.06424	192.20323	200.68037
25	258.83078	210.09784	265.57587	214.70172	272.34164	252.348	306.81772	223.29199	264.88925	296.67493	375.94095	332.64972	304.1859	278.88272	356.14435	251.35179	274.97083	307.94598	249.48207	287.9794	349.60022	306.9428	318.447	331.2775	93.55182	0.0	125.56719	109.100426	63.885536	346.25494	119.12876	165.69658	162.9471	167.90312	163.94295	186.55934	106.21546	263.3179	135.55754	66.75453	72.495255	129.1167	227.12468	114.6824	156.86797	160.2445	291.92825	342.6304	375.7245	375.69424	219.32289	332.06244	282.6016	282.81314	153.05643	438.8646	238.74715	246.46924	331.0021	225.69951	296.9224	303.6827	362.7384	297.08752	370.7735	153.0295	281.47186	248.32683	208.26677	260.8798	386.88364	299.70123	315.958	305.158	301.37836	270.39923	195.42198	403.30286	196.96947	257.33926	313.17233	398.50885	224.45825	308.53683	239.68512	231.13943	300.17975	332.70712	253.47499	228.05486	322.47174	117.08588	244.45274	190.98947	296.29312	198.3203	262.80438	148.40776	338.687	197.94176	228.55682	165.05846	184.80327	368.28815	184.27512	360.74265	383.9087	347.7488	173.72926	107.888405	301.5894	179.67691	230.87787	322.6708	301.22174	254.78662	289.41663	140.98863	191.93437	219.62152	360.9306	190.03079	265.0357
26	227.14067	184.89494	256.0144	217.37254	259.00003	220.41562	276.64172	222.23473	245.96439	237.03918	317.45404	260.96863	246.77654	236.98235	293.5108	212.05225	211.64494	262.30975	183.10266	265.18115	288.86377	226.92303	285.20377	280.87924	140.67804	125.56719	0.0	83.3656	98.776794	250.3169	111.07253	165.15419	185.9459	95.30341	118.5215	142.24294	56.97398	220.73943	141.8352	67.30303	122.281845	105.35877	156.99866	55.718338	77.30806	88.08469	195.92004	262.88577	295.2619	262.7822	247.38206	238.73895	186.90317	204.80154	135.20958	386.41296	208.92105	219.94699	268.64777	151.63911	284.3126	224.92993	249.15198	221.441	327.8859	202.77486	291.1982	262.59213	166.76434	187.90607	300.4741	202.21562	227.86362	183.75166	191.8712	146.3165	78.13046	319.36996	169.57568	145.89282	196.8568	330.68564	133.13875	276.74777	164.45712	113.82843	190.28903	236.86708	142.80501	128.20728	322.96286	168.93886	276.33194	99.98652	293.8705	194.45135	157.73863	101.69157	329.5724	163.05887	104.65599	179.53603	235.69618	327.94623	78.058754	264.134	337.3528	314.70416	177.1805	139.50803	253.41135	191.25903	148.67163	258.33627	190.57765	250.40776	185.1033	120.69065	80.04347	217.357	258.09467	180.33742	206.1734
27	173.85475	115.377945	189.08984	137.64076	187.32309	158.65399	216.18256	148.08893	174.56557	190.97937	288.56622	224.14194	201.4466	177.35999	250.80354	152.04387	167.28038	209.5228	142.13206	199.02216	244.36588	198.85211	221.96933	227.73718	66.84401	109.100426	83.3656	0.0	56.652973	239.104	96.40797	110.36122	227.54257	104.68161	56.18834	110.04053	55.03492	215.9386	63.595688	79.18106	77.665955	56.792545	154.79659	61.69516	61.19226	64.74077	189.06903	237.8109	280.2134	276.25647	171.09529	258.046	204.3129	223.60104	84.23094	335.944	174.43112	170.82079	234.5063	182.5227	242.24408	207.58208	274.31552	213.35985	280.1254	129.25793	215.83551	204.51692	130.83856	178.79956	278.54108	245.76155	216.77817	231.90536	212.76588	191.39975	113.45874	295.5404	110.24207	175.5202	217.92633	296.9647	119.01488	225.43747	136.61264	162.72903	204.59088	241.71007	162.9078	131.27776	246.40314	119.88889	193.16403	124.606346	230.74898	141.69043	217.72002	144.08363	315.5161	153.0635	169.16708	112.42822	171.55322	272.4984	147.15234	260.0999	283.18872	276.01678	99.40214	137.97047	219.04788	156.3939	134.65602	252.94737	229.91554	220.21938	186.01971	115.22814	149.17328	150.0532	256.38992	178.67596	169.67287
28	222.86913	160.99266	230.31187	168.38962	227.37167	207.04373	263.4835	185.15294	210.62971	235.94917	312.86896	274.5692	254.99345	223.36127	303.40118	190.86017	219.05779	245.8736	188.94574	229.23193	288.68912	253.50565	261.5378	275.22534	57.749863	63.885536	98.776794	56.652973	0.0	288.79166	117.905655	145.80447	209.64381	146.6722	107.27981	158.77754	56.89509	212.30011	96.50632	69.35954	73.49726	99.39958	169.62578	91.77675	113.738785	101.45294	233.15448	280.32608	313.05615	322.58054	172.54784	278.50674	228.15977	232.46164	90.4311	383.13132	179.52797	184.90509	267.12415	182.83273	241.6977	241.15877	310.34564	236.60931	308.00153	138.75392	230.1952	197.78989	145.7973	231.41235	332.647	257.54562	273.20224	262.88443	247.84802	231.76091	150.66138	342.50034	134.05525	223.45667	263.6634	334.96878	168.83044	246.61513	193.25188	188.68828	256.8046	274.02518	201.14629	184.5882	273.18356	81.288185	207.45518	140.88022	240.29617	140.70801	228.94077	124.80183	297.52362	146.01697	200.70891	109.77301	148.4831	307.2547	171.42877	300.72073	324.60516	287.75916	118.012276	92.19653	238.93452	133.568	170.07979	265.24982	254.40417	206.41722	236.99326	95.01976	161.57848	161.85086	310.1086	153.08006	201.19363
29	214.83545	195.73372	246.13025	235.97289	222.12859	190.33197	207.6076	242.42851	198.16171	109.09611	188.93283	80.19542	142.12782	152.81186	130.62321	157.94627	112.27274	148.1874	114.58791	195.84631	113.42262	81.39339	176.91367	140.41484	288.77588	346.25494	250.3169	239.104	288.79166	0.0	289.3597	266.99554	425.4767	234.3656	190.78247	225.00685	250.2039	259.80545	250.54161	299.462	307.51974	245.19247	191.74307	252.90173	198.91098	190.74	68.76004	71.991005	131.9027	80.37783	286.74408	188.94159	163.78662	223.59769	231.03618	195.84975	227.11577	209.89574	134.44789	246.8302	275.984	113.72034	133.37337	159.31998	194.26495	314.11835	269.42023	293.13034	198.98347	199.146	81.99018	236.65898	130.26788	177.40335	122.29562	163.47757	177.40643	79.86348	197.74167	171.53671	95.44416	135.92442	122.24284	201.88615	140.98492	188.70134	116.796295	121.99489	128.4405	145.76666	262.83984	315.42157	300.45496	203.52316	262.74283	248.42238	246.40547	294.55646	369.17737	250.86562	214.83951	259.91434	329.53928	183.14125	258.74588	75.263405	170.15297	245.07497	235.10463	332.0648	185.59352	294.56995	136.62117	215.52394	183.15018	300.15356	71.92206	271.68262	240.22504	235.27504	67.68523	307.34335	141.4094
30	171.27022	159.17628	195.60876	186.66635	219.9762	184.0597	233.79767	169.81139	234.16801	256.10153	376.52124	274.804	227.2284	229.77823	283.63882	225.18318	216.0052	284.6865	210.37193	272.9402	307.02646	235.29037	281.36166	276.09647	118.146324	119.12876	111.07253	96.40797	117.905655	289.3597	0.0	81.25506	170.21996	69.2666	130.40047	83.80828	127.57299	307.45834	101.22989	76.29019	64.019165	55.941593	242.32494	58.416084	96.962105	148.68665	252.53282	306.83194	359.16788	319.75403	246.24715	333.57462	278.84048	304.32227	180.31824	378.97693	270.70578	264.62637	316.82004	256.6348	337.9692	287.9826	329.77377	299.24323	363.09976	131.49416	289.06876	294.84848	226.04337	151.62042	312.4557	309.35855	221.50233	273.58923	273.8324	213.4248	159.58276	353.22095	201.38739	173.1685	256.95065	370.70358	177.31624	313.9877	158.55011	212.476	219.60577	314.9495	220.79433	151.39616	302.21814	194.99123	238.00536	198.11699	317.9215	236.20451	266.29807	200.46645	407.77725	244.09184	178.39294	200.60957	248.35277	344.37424	128.9807	326.04028	343.35736	370.0801	178.69116	200.26718	310.9356	246.52774	214.62865	342.9354	288.66135	314.60437	227.08755	198.06516	188.86182	237.40784	284.60828	261.55103	255.64781
31	101.662636	101.43349	116.06521	124.38673	146.31339	116.69401	160.8747	94.35206	174.45404	214.10396	353.05154	231.63554	171.1463	173.26869	228.2122	182.22491	171.96419	241.1347	180.6163	222.17285	260.49734	198.4628	221.78209	218.39526	113.04648	165.69658	165.15419	110.36122	145.80447	266.99554	81.25506	0.0	248.11206	106.27626	113.51287	59.057926	162.51389	318.8253	66.807976	140.41594	93.521416	60.696674	252.56958	111.481575	111.832275	158.81325	242.09982	278.92978	341.43985	315.26236	207.34796	346.41913	292.03827	323.75974	179.10632	316.49075	263.36804	243.31184	288.72983	288.62708	321.44504	274.22504	338.56015	296.37582	323.107	82.71984	237.45874	272.64078	219.99754	134.51741	274.2185	341.5919	194.94954	301.8592	283.7055	240.04782	187.25958	318.5158	179.68344	191.6552	262.1684	334.3065	170.76393	280.19022	129.68591	245.63042	218.94618	313.76706	233.22977	153.19826	235.01178	202.75357	174.84511	224.99228	280.26938	223.7438	309.6628	249.42503	415.2985	258.99075	223.44308	183.84702	232.33014	292.9768	190.32837	313.06726	286.45383	347.17728	145.79146	237.86812	291.5417	252.65434	212.08716	344.23486	313.53064	314.24658	218.53986	224.63914	238.03154	205.85182	265.42377	286.74118	234.44704
32	339.92416	324.50623	364.13242	346.3153	388.25333	353.62512	403.88998	336.43115	395.2339	409.71628	500.39645	430.1449	392.3311	393.50684	446.92676	378.03397	374.86472	435.179	358.04782	425.8224	462.2306	388.48782	443.7594	440.30853	241.14365	162.9471	185.9459	227.54257	209.64381	425.4767	170.21996	248.11206	0.0	203.84958	278.1855	248.53876	216.72914	381.39584	257.08722	149.38129	185.42221	218.63643	335.40283	182.57123	236.19376	267.4963	378.55032	445.59183	481.19125	431.91647	376.77368	413.41055	366.18854	372.84198	293.13187	544.806	376.05783	388.11557	451.62195	308.89572	443.87378	410.68472	420.95123	404.71027	504.9396	272.8228	433.39996	405.58438	339.5494	293.91064	461.91913	356.81955	365.16327	340.26346	370.24127	297.17154	257.66446	497.45422	334.50287	278.89856	364.07294	513.3643	311.31454	448.85632	313.84015	283.116	339.30194	420.30704	323.3583	284.37732	461.78284	276.28702	386.86624	278.56955	449.46933	347.68448	299.51337	225.67444	467.45645	321.628	239.30165	319.31906	347.44635	498.82245	178.09135	447.3038	504.40204	487.4351	319.0765	233.39526	432.08392	326.67358	334.02258	434.40912	356.93997	397.1098	355.6452	264.98163	232.54303	369.8016	417.18927	310.81207	387.2063
