	0	1	2	3	4	5	6	7	8	9	10	11	12	13	14	15	16	17	18	19	20	21	22	23	24	25	26	27	28	29	30	31	32	33	34	35	36	37	38	39	40	41	42	43	44	45	46	47	48	49	50	51	52	53	54	55	56	57	58	59	60	61	62	63	64	65	66	67	68	69	70	71	72	73	74	75	76	77	78	79	80	81	82	83	84	85	86	87	88	89	90	91	92	93	94	95	96	97	98	99	100	101	102	103	104	105	106	107	108	109	110	111	112	113	114	115	116	117	118	119	120	121	122
0	0.0	182.90628	49.590176	224.99126	52.285446	79.23032	55.61417	201.30756	178.40468	103.14726	171.80824	165.2787	175.23065	141.3177	126.8652	207.00134	154.31111	123.39904	115.18794	210.05276	213.01433	157.07625	136.34123	170.71701	204.36664	132.09659	202.54944	184.0155	192.66176	201.55887	114.44563	239.27292	286.27475	188.24547	192.539	231.1831	181.98097	78.05385	169.72002	134.5397	245.98238	145.19633	207.32034	136.02026	153.02193	225.03357	216.45837	176.08119	256.97763	156.00044	85.05406	247.79298	180.57883	200.75801	70.35383	152.16246	148.76448	91.8133	192.2437	170.24754	159.93536	245.00887	221.4159	241.4787	108.166016	117.148285	238.86569	240.10783	177.94884	201.39902	176.98921	308.1815	130.2527	278.38644	203.77315	115.441025	290.3494	258.67316	106.06354	110.61998	145.35893	127.37592	204.84636	221.81017	284.02737	275.02267	156.90346	202.61913	249.17694	141.88365	242.50056	127.18867	269.77594	250.18494	207.71379	190.3929	254.89975	132.44685	238.15175	96.91045	89.54172	170.93124	71.00288	106.61652	233.76938	115.554985	62.053036	199.07758	262.60617	213.70857	156.89655	149.8137	97.88351	200.00688	234.1906	73.269615	279.4297	80.790634	212.05869	118.2605	198.43443	158.56435	172.78902
1	182.90628	0.0	184.27852	173.48022	195.6881	173.1496	221.93173	154.63168	213.12262	176.08743	215.90254	237.04732	139.22118	189.65977	245.4539	232.4852	180.97165	210.19441	143.26894	260.03592	213.60207	291.87326	210.57108	167.65839	220.48582	296.6878	345.69058	334.8668	309.4776	129.39775	260.58868	357.13486	191.95215	274.00558	317.71814	354.78836	297.7453	123.76035	294.14752	243.49257	336.72818	287.2051	292.0504	85.89859	318.21155	323.20236	245.20416	221.17065	242.55194	103.64139	256.7938	241.44862	169.83574	189.64046	249.53084	207.7384	110.438324	239.57306	179.93806	111.78718	170.4154	251.77464	142.80276	101.27774	180.10272	138.79823	273.89743	132.32274	70.226204	223.15395	102.385056	237.47722	132.72568	240.36748	81.39241	291.04062	151.52478	202.67044	215.56682	83.88907	175.00845	128.97798	68.32737	144.88927	189.71461	322.75095	240.53241	283.87286	131.89034	71.55298	170.75545	220.22151	250.74089	297.21686	330.3721	69.63486	202.7947	170.1434	78.29287	214.18977	241.87491	111.36853	153.61536	207.94296	183.40611	76.840706	131.74722	167.27429	216.83788	86.674904	282.21375	302.81885	213.92749	280.0127	222.42879	206.05391	310.01544	156.1011	95.21766	160.63205	273.95282	258.09918	218.4074
2	49.590176	184.27852	0.0	186.73392	60.24524	54.437073	88.970146	215.22263	205.75494	127.46334	175.27617	184.36505	142.76733	132.73431	154.33478	224.46826	170.6204	132.95694	119.95817	219.09326	219.55605	119.62122	170.92346	171.85945	159.99785	156.39449	196.08662	194.57732	182.3849	230.44394	121.44352	221.28586	290.26672	184.55672	209.97374	230.23805	157.5343	62.34551	172.8287	121.39395	236.77211	133.96928	187.563	120.539665	154.50534	236.37845	198.40799	146.48091	229.07	172.96004	123.509094	275.66312	146.76965	158.17975	76.39022	110.01834	178.77048	67.70082	171.73576	161.80728	133.93417	239.63104	218.02554	242.85902	76.009926	115.09751	205.05292	253.0404	182.96846	241.52072	152.14467	296.713	161.3804	237.52122	193.17421	117.735	272.686	230.86081	57.987144	123.06026	187.55235	103.53658	217.28664	197.3532	255.72739	278.82193	110.720634	233.93886	237.67264	132.94652	228.7449	106.76907	253.2548	205.11583	173.09299	207.81519	248.91774	169.87521	226.29216	141.41655	64.23654	192.16235	95.31184	155.7782	197.02505	128.00488	87.717445	227.73154	276.82358	194.33714	197.17557	125.23792	107.146095	151.47386	195.24095	118.12495	261.83292	123.13465	196.28317	75.5976	160.64113	116.47244	124.096664
3	224.99126	173.48022	186.73392	0.0	226.80434	179.4868	263.1781	269.59445	318.9081	257.55258	266.13293	308.85782	64.009834	216.23209	311.04236	320.28952	268.5639	259.78275	210.60431	317.4343	285.2891	223.79178	309.56946	232.20602	86.29084	336.0278	334.75507	356.16046	300.78647	294.5632	282.65027	322.95218	289.71915	290.7588	362.61508	360.0674	259.88873	152.45514	312.9174	242.72821	332.01212	276.52417	267.7876	119.985664	319.36383	365.67746	237.7862	185.6617	200.13567	235.2984	308.3436	367.30957	117.420334	69.641075	259.92056	143.44821	257.91174	216.10579	179.06784	173.26602	128.34439	284.62247	218.64082	221.05763	148.96153	176.53622	207.9936	272.45923	186.79132	361.05798	91.33682	267.2655	263.09372	114.90777	153.73544	287.35046	170.07198	161.68414	167.70442	189.58472	309.67236	135.70152	232.2861	128.06703	139.41412	363.88815	150.309	375.46967	185.48721	145.30457	200.8382	192.6783	251.9854	181.2872	257.9295	235.28177	253.30704	283.18884	147.66142	296.65277	224.08119	243.49904	220.0026	311.1828	81.46143	194.76637	214.41734	309.98694	326.00186	97.57309	366.69836	261.9242	237.41907	166.23859	127.8445	284.7289	294.41684	258.2866	116.472885	112.20517	202.90169	189.2437	109.934555
4	52.285446	195.6881	60.24524	226.80434	0.0	50.850716	99.411896	180.83548	153.98409	78.14299	127.17566	126.474915	188.72469	97.10411	95.03593	171.9141	123.58884	77.72611	88.09319	165.17375	175.08252	152.18669	118.651505	136.45673	213.0147	112.2102	160.28003	147.41241	142.92693	211.36253	71.30101	192.45612	263.32132	136.35973	152.82266	183.81242	137.2518	96.053665	121.72635	83.379135	194.07832	102.21029	156.7211	154.78044	122.76956	179.11024	169.42867	134.55466	218.45744	150.33435	99.64143	227.28047	156.54199	187.91237	70.06304	124.932625	176.25023	112.917046	157.0323	150.8019	189.9555	199.87566	197.85388	233.7778	135.29936	158.52112	197.11769	230.92328	207.9738	199.15338	172.72476	274.4764	133.60023	257.92148	195.78926	133.55661	279.6516	230.12459	97.13749	139.74588	158.60272	110.61234	209.75674	202.7662	265.70786	226.671	163.92694	175.2665	232.60251	140.14566	214.30101	163.69688	227.63821	220.60258	176.39633	213.64973	220.87737	175.64058	239.67209	140.6806	69.05355	207.88176	119.519104	130.59521	217.79088	125.29259	75.582924	191.81413	236.02185	222.78413	146.37393	127.20209	147.018	187.81073	207.06631	78.28505	229.735	115.30744	232.26244	118.53971	159.85452	129.78653	162.13243
5	79.23032	173.1496	54.437073	179.4868	50.850716	0.0	131.49948	176.28247	174.57117	100.32298	126.75792	148.51239	148.81142	79.753334	135.33905	183.17867	131.11935	93.73568	78.32655	173.9395	170.9531	143.84183	151.1358	122.86626	173.40405	159.38983	179.013	182.45178	150.67401	217.52142	105.80631	193.83627	245.9846	141.0545	187.26698	202.16267	130.87936	73.07343	144.44637	83.44929	196.29102	117.324425	145.50969	124.70177	154.23795	201.96921	145.21198	98.047356	179.25046	146.00708	147.55766	243.02954	107.25832	137.50569	104.24017	79.33145	183.84416	117.075134	119.79807	119.73926	164.50671	186.15154	172.85371	210.11229	115.24094	148.69717	161.25269	220.35843	192.53023	227.0801	128.60881	245.23596	146.82396	207.6161	161.24835	160.38617	239.21492	185.7008	70.85649	132.28535	184.90366	65.70662	197.05247	158.07454	218.9457	231.65189	136.53528	209.70007	197.78053	108.56417	180.3382	156.51936	199.21593	180.78865	164.84058	206.84007	197.48164	195.16925	204.18379	174.1202	76.56332	207.9676	129.75644	169.25607	167.35107	115.674446	85.25034	202.65375	233.87444	184.19385	193.90034	133.69444	158.78056	155.1188	158.47508	122.75479	210.29048	139.11859	199.46895	75.741165	128.87714	102.07496	118.211
6	55.61417	221.93173	88.970146	263.1781	99.411896	131.49948	0.0	248.74664	215.31215	147.24628	220.85698	204.22675	208.3572	194.43257	154.26567	249.73105	201.05997	169.01428	168.80074	253.70277	262.689	165.23901	166.53702	223.90588	229.21909	134.12117	222.50443	197.2448	225.85547	230.75116	142.1599	268.52686	336.9699	230.37445	214.30615	257.39185	215.51497	121.07456	200.1318	176.82558	283.72513	171.94695	249.49115	172.61252	161.62634	256.22675	268.25473	226.60193	310.61356	200.83669	64.98794	283.02258	232.36043	244.96758	73.678986	197.74971	168.5371	89.25181	247.48192	224.40321	174.40576	296.6417	274.93585	289.4546	125.27231	127.882065	286.94962	284.8338	201.47841	222.02419	225.18187	363.39526	165.55261	325.52686	254.14905	85.748604	340.66153	312.8512	138.06284	140.81113	162.85011	180.80867	245.04433	274.92194	335.8753	317.6071	174.18639	226.70653	301.9334	191.45183	297.77756	120.1451	324.2227	289.35703	230.7572	217.0309	309.3247	125.293625	283.22943	68.21509	114.65886	182.48883	77.13651	104.5535	282.2604	158.92418	107.740135	234.71764	308.85364	253.76488	161.36937	162.50832	70.2118	225.36069	283.59174	91.23751	328.74405	93.98011	243.08315	159.07448	239.39125	193.00085	208.96529
7	201.30756	154.63168	215.22263	269.59445	180.83548	176.28247	248.74664	0.0	91.46448	113.29025	111.28746	125.94096	249.14015	129.05937	168.23647	91.36382	71.16549	134.32156	98.283966	132.86894	78.42724	319.62576	126.33469	73.157845	311.4218	246.75381	283.59085	263.5063	239.67763	119.40986	209.4739	294.24643	95.73855	183.1597	222.39023	266.6111	257.0284	187.36981	215.4703	193.74397	243.76538	244.12054	226.79736	198.26572	275.9735	209.26494	171.80766	191.40872	204.14166	64.36347	243.86584	102.58731	188.06082	243.90605	248.98929	220.6719	164.81924	281.9404	141.99097	98.277504	284.23352	137.62535	77.63421	106.62444	260.7797	243.91328	241.45377	69.731895	211.38278	139.91347	178.69116	161.29941	100.734245	277.90088	130.72925	310.62692	197.74228	195.75948	245.94293	173.89117	146.63484	153.6111	109.02051	169.07295	222.32784	190.06529	303.69354	168.46162	134.29642	133.12608	126.71872	303.26923	170.30345	305.82068	318.19028	170.27898	106.581566	226.15083	178.46736	241.97995	243.1444	215.67938	218.16689	196.60674	231.74733	122.93967	146.30908	72.12235	68.502785	213.75578	211.79941	295.53378	282.70618	318.69562	237.01077	178.10718	220.68272	180.47238	241.58054	219.92035	256.99805	262.2316	267.01813
8	178.40468	213.12262	205.75494	318.9081	153.98409	174.57117	215.31215	91.46448	0.0	78.29451	97.93549	61.65326	288.4709	132.81018	97.2198	52.884026	54.205765	98.6354	110.01052	97.37476	94.65012	303.5051	53.04265	106.145706	339.2987	178.13321	233.53812	196.44035	202.07741	147.22073	159.49826	261.29224	178.53877	151.34653	148.3044	213.13145	234.04187	201.46661	162.718	169.18385	212.03731	204.94145	211.65988	234.87234	221.18835	146.43225	186.93393	206.11394	246.55435	110.416046	188.3212	75.00473	228.60844	283.77457	210.12544	235.77689	177.49835	263.94983	184.04288	159.10188	306.8661	155.75314	158.94888	194.50069	268.6024	257.2129	260.72876	152.15176	251.25401	89.1508	233.45288	229.64381	97.975685	329.88535	205.16727	271.23926	282.28897	256.75226	243.00662	195.22069	116.131615	186.10017	175.26704	234.83684	294.7537	162.3121	309.62616	78.26246	218.46329	182.21616	198.71053	301.2901	211.74147	324.09247	299.78693	211.8447	170.37979	213.96227	255.09781	206.86433	218.453	237.01973	211.48154	149.45425	286.29935	152.31693	141.03023	82.24613	114.28706	275.79266	128.3497	264.56635	267.82288	325.61478	279.19836	127.07395	229.97179	160.84306	295.3052	239.5658	259.99872	258.6812	287.13116
9	103.14726	176.08743	127.46334	257.55258	78.14299	100.32298	147.24628	113.29025	78.29451	0.0	87.96942	73.209656	222.07164	87.93666	70.42587	104.7782	54.26073	53.183846	54.914707	119.42795	118.29519	229.35173	53.464245	91.09821	266.67245	137.85797	196.43695	168.59906	167.72325	153.40923	107.023605	226.18059	204.62825	131.5573	143.19997	196.21593	183.17754	128.90753	133.79184	116.029236	198.51323	151.58139	177.0314	172.27171	171.73647	157.12909	163.73694	156.963	218.69637	94.43739	133.21796	149.68655	175.17902	222.52725	139.997	170.78088	146.83699	186.8566	149.4504	125.29719	234.78032	164.46284	154.30505	189.42654	192.05069	189.59433	219.84856	169.38411	204.30081	130.57191	180.5915	237.35179	76.22029	281.17563	174.08592	202.11661	260.24213	226.44896	167.13124	138.93372	107.931816	124.87382	164.13141	197.69551	262.36554	189.98277	232.62556	121.05456	202.80243	131.54857	185.71043	224.7943	205.8602	267.0145	239.30017	184.70934	178.01295	170.86153	223.15314	154.95166	145.6148	196.73314	145.20674	113.94916	235.94865	102.82974	72.29018	117.83385	165.24838	226.89584	122.41143	198.60942	196.7823	254.06796	230.1433	72.710526	221.58301	108.233444	242.13675	166.65993	204.6615	191.72078	216.88855
10	171.80824	215.90254	175.27617	266.13293	127.17566	126.75792	220.85698	111.28746	97.93549	87.96942	0.0	61.53473	250.83751	53.750893	107.9327	71.845085	58.473656	54.55613	80.328926	51.917564	57.321774	250.03598	113.856705	55.049255	286.55258	176.36356	177.99799	169.94427	130.21384	207.86095	123.86437	184.17938	174.03429	71.94933	135.65057	158.80971	155.45088	179.67192	112.39088	97.39231	134.34949	147.04771	120.92211	215.6349	185.53072	116.62329	90.09323	116.851845	157.63939	134.21837	202.0305	153.09515	156.98723	215.97108	188.90834	161.3783	221.28802	235.01205	105.395134	120.387955	282.14413	79.64789	128.25278	192.90686	239.79726	254.28557	164.82167	178.33687	262.2888	184.2282	190.63591	176.27594	146.51863	251.97899	177.99698	255.0017	245.37613	182.69907	190.05066	204.98741	186.42699	135.31383	199.16722	176.80176	233.80377	113.52552	258.3085	134.61433	183.74828	158.76448	143.39604	280.63135	130.10515	235.22096	224.55426	243.53099	120.28622	256.3757	235.28712	240.78004	173.1683	269.29413	221.99135	200.38747	218.47983	159.78944	146.81445	154.67737	136.87788	249.40784	176.07549	210.1119	268.21	255.175	196.8057	154.01917	138.03098	194.28975	278.94128	191.54286	171.81973	184.75679	220.4115
11	165.2787	237.04732	184.36505	308.85782	126.474915	148.51239	204.22675	125.94096	61.65326	73.209656	61.53473	0.0	282.93787	100.15621	62.45325	58.745716	60.310898	55.97972	103.48723	57.522778	90.39047	264.09274	68.64456	99.88998	320.26932	140.6296	174.0372	142.98112	141.53133	198.45432	110.62125	200.49203	205.56972	92.988884	96.53144	152.27698	178.4753	195.91728	102.53871	118.020706	153.15353	150.69804	156.15877	239.01215	170.55151	92.25689	148.02559	167.59496	218.81958	142.83127	170.8928	127.61058	207.87228	262.88394	178.48305	202.29628	212.19391	238.36577	163.56876	162.45819	301.69702	130.33197	171.37292	223.65126	255.19492	261.56827	218.71968	194.31218	274.03488	143.10121	231.62141	228.80324	133.45708	308.1594	217.60036	242.46289	293.35657	242.20721	211.4545	211.1062	155.93425	173.39096	213.15262	229.54524	289.6954	124.77725	282.0515	74.39986	230.18562	189.01758	197.70334	287.94196	189.14894	282.45096	247.26158	247.89882	170.54453	237.5973	272.31955	214.55345	180.1421	266.53674	216.38206	165.10513	271.25055	170.24997	145.23322	139.54027	147.95334	284.75748	120.34285	216.99973	261.88754	287.88245	252.55481	122.78581	187.57002	176.40178	306.8775	221.2224	213.20422	215.43141	258.19183
12	175.23065	139.22118	142.76733	64.009834	188.72469	148.81142	208.3572	249.14015	288.4709	222.07164	250.83751	282.93787	0.0	201.44812	276.0141	299.74786	242.99202	233.83696	183.03746	302.64157	273.82712	200.65277	271.47754	217.99884	82.7557	297.2592	317.24042	328.52353	288.91888	254.42499	252.60268	318.7719	287.56784	279.10895	335.6197	345.6778	252.05855	101.65523	291.95978	225.19402	328.42587	255.28069	266.9	66.302055	290.1149	346.96368	243.7047	188.83751	225.77713	203.04314	258.91522	340.42453	128.39905	98.10744	217.8607	141.02324	205.7653	171.62712	184.38713	161.5058	71.07427	286.1919	215.10371	211.04915	95.71356	112.64451	228.34683	253.45018	135.90825	319.54584	84.20341	285.13843	220.75955	168.3199	147.09908	241.82382	192.2817	192.68552	139.84958	134.64671	261.12766	115.92304	202.73601	146.7253	179.41196	358.06284	126.43822	342.8924	193.70146	116.34056	212.04039	139.28484	268.12018	207.9522	253.43282	190.35423	258.4602	222.62814	144.33673	237.3732	192.2241	187.33054	159.55327	257.55743	123.52441	151.681	167.0167	276.51965	312.53842	85.33177	323.481	238.93056	177.50009	168.2537	162.28267	237.45308	307.60123	202.92812	83.71188	79.70294	210.01111	182.28325	111.76843
13	141.3177	189.65977	132.73431	216.23209	97.10411	79.753334	194.43257	129.05937	132.81018	87.93666	53.750893	100.15621	201.44812	0.0	122.05391	120.61082	82.44576	57.230644	57.193512	104.141205	97.769844	206.41156	133.16835	59.274006	233.05199	175.60374	173.41583	176.70981	126.21755	211.5917	113.5882	175.77919	189.89821	86.45265	159.98152	171.71349	129.88829	136.71005	119.78738	71.527176	147.14883	127.6382	108.144135	173.3192	173.71384	152.76346	79.95885	73.73929	134.13196	130.41833	189.40721	193.68704	108.84909	164.74594	160.96925	109.088615	208.30165	193.69308	73.079094	94.38214	234.1593	106.9272	124.8613	184.9255	192.21098	214.97383	133.45944	186.32094	231.76762	208.63599	147.33675	181.92308	145.86069	208.95277	151.4042	225.08858	221.60146	153.75963	141.02834	175.20395	191.36934	86.91423	190.20908	142.1158	202.08957	158.43568	206.90157	173.58601	166.98969	123.43521	131.1773	235.86667	131.25346	191.60744	189.83083	226.48228	130.51036	239.29279	206.69647	224.06105	135.3506	246.93867	191.29437	196.65198	173.58221	135.7893	121.89705	174.26581	171.7286	209.94266	192.87961	177.06294	232.74953	204.91945	153.29213	147.4541	144.67267	177.97588	238.69765	139.44708	131.78096	138.76604	167.02278
14	126.8652	245.4539	154.33478	311.04236	95.03593	135.33905	154.26567	168.23647	97.2198	70.42587	107.9327	62.45325	276.0141	122.05391	0.0	118.36075	99.63832	65.00708	117.59396	115.12547	148.521	230.12224	61.780354	140.80733	306.6553	82.02838	152.13823	107.68138	138.30753	209.54306	72.65838	196.69516	256.94376	115.57434	79.42233	148.5771	169.37024	179.69273	90.88011	111.99128	172.35918	124.75947	169.29271	232.13936	127.08344	111.0644	183.39825	182.48708	252.99973	162.24265	111.427505	169.16504	222.1834	267.8011	129.03029	200.76059	202.03757	197.09662	194.21223	188.97406	280.25037	184.4949	213.36789	256.68475	228.16507	236.41838	238.67062	230.72978	267.06918	147.98381	242.21136	281.4567	134.88693	325.75836	241.66025	188.58144	325.12494	274.98077	187.96248	198.3563	142.71915	179.78587	232.40096	255.76549	319.20984	175.45158	257.00882	83.8207	266.13873	198.36858	239.53699	251.5218	236.66676	286.05737	228.46938	248.84007	222.6841	206.93596	292.2929	168.4774	145.3986	252.0289	183.68105	125.12268	287.31024	170.29305	127.25989	164.8074	202.88042	292.61185	73.016884	181.97374	218.75746	271.39575	270.01544	76.75246	227.93129	146.2774	306.11368	209.496	214.71088	201.85202	249.5166
15	207.00134	232.4852	224.46826	320.28952	171.9141	183.17867	249.73105	91.36382	52.884026	104.7782	71.845085	58.745716	299.74786	120.61082	118.36075	0.0	59.47628	99.95491	118.40573	55.92901	53.708904	311.45068	97.42232	89.93072	346.17758	198.65085	224.87666	198.54109	184.93582	183.69345	167.05626	240.48549	158.17406	125.882065	146.79935	194.83043	220.80522	221.87721	153.81854	161.45587	180.0214	202.66743	185.8894	253.39053	228.03745	125.05833	153.1192	187.73442	214.91835	132.81831	222.51163	85.476555	218.19276	278.052	231.42485	229.63956	218.7355	284.66595	162.97855	155.23961	327.6429	109.497	143.44632	195.48833	288.7162	287.07697	233.27994	158.44284	280.12396	138.07085	235.82895	193.01286	138.53859	312.63647	205.2817	296.06088	272.01392	232.66356	251.071	226.21461	166.83856	188.45332	195.18759	222.30559	277.4582	114.84694	319.3436	96.64034	206.36981	192.994	174.89253	326.3493	170.99913	306.60593	291.43292	244.08977	136.31044	259.98578	259.46985	251.39432	229.08846	275.62143	247.28343	197.55614	275.1651	178.3682	171.66646	115.561966	92.34195	284.81573	164.35814	268.80792	301.54675	323.79526	260.9469	165.762	186.34654	203.61784	311.85107	248.27028	243.52322	253.79268	286.26477
16	154.31111	180.97165	170.6204	268.5639	123.58884	131.11935	201.05997	71.16549	54.205765	54.26073	58.473656	60.310898	242.99202	82.44576	99.63832	59.47628	0.0	65.86378	61.058437	85.4968	66.57307	267.4144	73.52756	54.721226	291.9626	177.97131	215.41618	192.54152	176.05891	151.2993	140.15378	233.73259	157.89343	123.77575	154.28873	201.27945	198.2469	162.89992	146.61844	132.40636	188.98576	177.88857	174.51712	194.91928	206.2636	148.60298	141.5346	155.50027	196.21648	85.571884	185.56935	114.12641	174.65059	230.8777	189.00005	185.53531	170.37994	233.82593	130.77245	109.59406	268.5895	122.37336	117.982155	163.97473	231.21814	228.0673	211.62991	137.8213	224.84444	131.23746	184.23227	193.02498	91.99885	275.74582	161.1354	253.18663	238.79253	204.9753	201.36366	168.51715	132.10506	135.1926	154.61974	183.24524	244.2428	155.09406	267.1089	117.86578	175.66957	137.82607	152.3561	269.78387	169.11421	273.68713	262.12692	196.0136	132.59805	211.15005	214.74515	205.47119	185.68535	223.4899	191.13371	159.0287	232.71426	121.28579	114.18923	98.30319	113.86123	232.44676	153.94412	234.07574	246.99364	279.30484	225.1671	124.7534	193.63521	152.90163	256.35184	193.20987	213.36835	214.39577	237.63725
17	123.39904	210.19441	132.95694	259.78275	77.72611	93.73568	169.01428	134.32156	98.6354	53.183846	54.55613	55.97972	233.83696	57.230644	65.00708	99.95491	65.86378	0.0	68.11406	87.57705	105.51171	212.00085	86.29738	85.03369	265.7297	127.265076	152.45807	135.6041	116.94538	201.8494	76.74554	175.5648	213.6987	79.00852	112.25131	148.41649	137.70659	148.936	87.83501	71.139854	145.8232	112.14207	125.803154	196.00041	142.63403	117.972626	123.08552	122.20697	188.7792	133.11787	147.99736	169.98338	161.52434	212.25603	136.70567	148.54951	197.66849	188.85909	129.45212	133.55573	252.4046	132.79501	160.06522	212.67976	203.94473	219.78671	180.20569	198.40681	243.36996	171.65904	189.42793	224.12927	127.68857	263.9953	189.852	202.74573	268.30542	210.32047	155.9674	178.42792	159.82352	126.073524	202.42807	194.55711	256.66388	151.94887	226.55202	123.039764	210.20784	152.54523	178.974	238.88153	176.35793	233.90994	201.42506	230.56686	167.26971	218.51332	243.78502	192.98276	129.21352	243.75882	180.5079	157.24666	226.89882	141.9079	110.96528	157.77492	174.44044	246.21658	136.53154	171.10852	221.18121	232.86679	208.0334	105.09024	176.38713	154.40825	267.47897	167.5676	165.80142	162.16867	203.05038
18	115.18794	143.26894	119.95817	210.60431	88.09319	78.32655	168.80074	98.283966	110.01052	54.914707	80.328926	103.48723	183.03746	57.193512	117.59396	118.40573	61.058437	68.11406	0.0	127.743454	105.76704	221.4671	105.0085	56.83211	231.27136	178.3447	211.25749	199.96419	172.32202	157.4321	130.4857	225.7667	175.64949	133.04498	179.26936	212.82947	175.6225	105.652596	153.16017	111.63849	198.64946	160.11964	163.6129	138.75931	194.95152	181.87589	132.38638	120.12721	172.9533	78.08947	171.44032	170.15193	124.50068	175.18388	158.05922	134.42274	151.60571	186.79764	100.15733	72.825554	210.0526	142.03735	111.47748	151.6909	174.01312	177.04396	183.06837	148.27278	183.12387	168.58421	130.21718	196.53134	91.58795	229.53465	124.82177	219.91835	208.85895	173.61488	148.7577	125.29343	141.22005	76.31432	140.687	142.80943	207.563	193.62567	210.27184	166.53331	153.40826	86.447235	136.79707	216.54855	167.75337	230.61029	228.55753	171.54208	140.78587	188.52783	176.91603	184.52943	146.21709	192.81651	150.05486	155.40923	183.07854	81.69283	74.83193	130.38258	157.41579	181.9467	176.7481	201.02531	203.41652	227.05167	180.88959	117.02864	197.20908	129.94502	204.66812	132.82735	177.00365	169.9804	180.87572
19	210.05276	260.03592	219.09326	317.4343	165.17375	173.9395	253.70277	132.86894	97.37476	119.42795	51.917564	57.522778	302.64157	104.141205	115.12547	55.92901	85.4968	87.57705	127.743454	0.0	65.476395	287.20322	123.558136	97.95948	336.89743	184.23573	181.36018	166.09554	137.60983	231.45465	143.13094	189.48897	188.60098	76.96706	118.39051	146.05075	178.53528	228.1345	114.17444	128.76602	124.668274	167.4757	137.92184	265.64767	197.95088	83.55449	117.58101	158.89478	190.2346	168.7862	223.17506	139.499	206.1824	265.58054	219.30869	208.04605	254.86226	274.75894	150.26985	167.16045	331.98984	83.542	162.23482	227.01422	287.48462	300.40192	196.47295	201.6313	306.89337	185.4134	241.4613	193.50885	175.30194	296.00748	222.89923	284.49673	285.50983	222.06242	234.55292	248.80629	205.73766	187.22136	233.8552	222.72672	275.821	71.24423	304.50568	111.45533	221.92049	207.84183	178.61551	325.372	149.07703	272.8085	251.90105	281.01306	141.3399	288.56747	280.07043	269.1954	209.25206	307.9083	262.36026	221.42896	266.32993	203.02483	187.69003	167.57074	134.69807	298.94934	173.7684	238.35158	307.8307	297.80466	240.60966	177.78664	141.7313	227.10635	328.58362	241.9822	206.69196	223.99759	268.34354
20	213.01433	213.60207	219.55605	285.2891	175.08252	170.9531	262.689	78.42724	94.65012	118.29519	57.321774	90.39047	273.82712	97.769844	148.521	53.708904	66.57307	105.51171	105.76704	65.476395	0.0	302.8912	132.98183	56.005684	319.81363	225.19885	231.9936	220.54054	182.94789	192.7796	178.98041	233.67505	124.32718	120.96029	176.96771	204.89178	209.33047	210.42761	165.23518	153.85805	173.09277	204.30594	167.18135	234.52074	241.40236	148.74832	114.333046	155.02657	166.09236	126.71385	245.90282	120.95099	179.79623	241.72296	240.53984	202.05821	226.24387	283.32114	118.65765	120.16684	311.87292	66.42842	100.74011	165.41818	277.41406	281.05264	195.11276	142.64915	269.37186	177.40047	202.25528	141.49776	151.15852	266.87173	169.88121	306.42514	227.53583	182.07687	237.49643	221.29846	193.14526	161.17682	182.06325	177.31435	228.35822	114.119934	302.29663	147.58124	162.50818	168.69972	124.21061	320.9144	120.13999	272.31604	278.0236	239.58327	84.160225	274.77856	225.71733	271.68097	226.75194	277.1196	251.78317	225.21257	232.12245	170.59077	174.27284	133.5487	83.04283	254.11043	206.36978	266.64685	306.47412	300.64902	217.61708	189.17459	150.91144	217.9415	287.4406	226.96428	216.73251	234.50922	258.81534
21	157.07625	291.87326	119.62122	223.79178	152.18669	143.84183	165.23901	319.62576	303.5051	229.35173	250.03598	264.09274	200.65277	206.41156	230.12224	311.45068	267.4144	212.00085	221.4671	287.20322	302.8912	0.0	268.9397	261.01422	160.58528	196.51912	182.1053	210.40662	189.019	349.69656	165.54921	195.36794	385.7482	225.06859	252.3831	236.16571	141.06053	171.0466	203.48198	159.59186	248.4817	137.70021	196.83391	214.75827	151.4427	279.7705	240.54405	180.35732	264.09113	287.05432	188.15897	376.98233	198.41669	185.6569	117.95619	134.32059	296.77713	82.883835	235.5796	255.76743	184.9157	300.788	310.0469	346.1038	132.74525	204.27115	209.96735	363.04733	286.75275	349.5888	230.88608	365.58142	278.2374	253.01318	286.91156	114.97918	349.8338	280.49557	79.573494	237.25835	301.2508	189.61795	331.5754	265.3905	309.96918	328.87018	82.67478	313.2421	323.83813	235.49843	304.55106	136.72629	304.3609	169.92613	100.66192	323.12604	326.8285	275.94028	317.19882	232.81393	85.8808	302.1062	200.2936	257.2756	236.72507	245.07487	206.43439	340.80615	374.0723	275.1965	272.0083	70.33542	170.50996	88.233406	216.85245	215.29175	287.34482	236.16266	277.36227	138.29738	143.95305	89.6628	122.70493
22	136.34123	210.57108	170.92346	309.56946	118.651505	151.1358	166.53702	126.33469	53.04265	53.464245	113.856705	68.64456	271.47754	133.16835	61.780354	97.42232	73.52756	86.29738	105.0085	123.558136	132.98183	268.9397	0.0	126.319405	317.5271	135.1478	212.08138	168.95895	190.52849	152.0046	127.6187	250.4006	220.31166	153.14066	131.93214	203.71967	217.81053	175.37408	146.62985	153.0105	215.96109	178.98317	209.70274	217.34041	186.12065	150.0409	200.78787	204.38414	262.2218	118.15483	136.34064	121.56269	227.4961	275.9646	165.91026	222.37138	157.92392	222.8318	195.54623	169.50732	278.62427	187.10466	186.55606	217.02081	235.96649	225.32076	264.39246	182.01352	235.29497	89.7344	230.48427	266.1254	84.99382	333.0245	215.64423	223.51057	300.6685	272.54553	214.0978	172.09137	90.47863	177.76343	185.41823	245.38605	309.10077	191.47426	279.66156	78.68565	240.46721	177.75629	223.87473	262.30273	239.22128	316.03268	277.07755	204.07646	205.68889	177.18642	263.0427	158.5928	183.57333	214.8806	172.61914	101.96859	287.93356	139.20378	110.34832	105.92039	164.25739	271.9874	85.890625	231.23448	223.43901	302.56622	281.37473	76.04169	250.09	121.16097	284.44742	218.10788	249.94931	237.81947	268.93005
23	170.71701	167.65839	171.85945	232.20602	136.45673	122.86626	223.90588	73.157845	106.145706	91.09821	55.049255	99.88998	217.99884	59.274006	140.80733	89.93072	54.721226	85.03369	56.83211	97.95948	56.005684	261.01422	126.319405	0.0	265.6955	211.30426	223.94753	217.24594	175.65779	173.4876	159.06981	226.82898	133.02303	122.27862	185.88197	211.51183	187.47548	157.00018	161.46921	128.30339	182.61122	182.8764	156.25114	179.67584	223.65944	170.85323	102.97746	119.64325	144.83795	93.53736	219.04265	150.43622	131.3448	191.52095	205.56467	155.91942	190.78625	237.85631	79.53852	69.588036	256.48804	91.450424	76.2372	138.58301	224.16434	229.12329	170.87769	131.69527	221.353	180.66463	148.77141	146.52788	123.52555	226.51462	125.13734	269.8695	194.25624	150.81734	190.02647	172.93066	174.14432	105.79588	150.33386	133.94194	192.59691	155.67384	251.54634	167.42184	131.55014	114.99299	100.12932	269.6364	121.40282	236.7084	248.71527	201.3139	87.94938	238.11102	182.34244	237.58266	188.02821	235.21411	205.90541	200.62933	185.9187	123.57901	130.11743	130.90547	115.78572	202.74422	203.61182	234.56433	260.0629	255.52728	177.65756	162.94553	160.41397	181.35255	234.88792	172.77737	184.86337	194.94846	208.91412
24	204.36664	220.48582	159.99785	86.29084	213.0147	173.40405	229.21909	311.4218	339.2987	266.67245	286.55258	320.26932	82.7557	233.05199	306.6553	346.17758	291.9626	265.7297	231.27136	336.89743	319.81363	160.58528	317.5271	265.6955	0.0	309.95615	308.76614	333.1942	288.3364	328.58307	264.495	303.8338	351.05542	295.32687	353.6552	346.97668	239.26747	150.03178	302.2444	234.7115	332.15543	251.4271	266.6488	141.29276	285.16214	367.33795	262.61322	198.31184	242.14365	270.38287	278.94397	399.23065	153.64827	100.50366	222.32901	138.65648	275.5837	161.8373	218.32011	219.99329	96.464	319.5269	274.56656	284.8752	106.765526	161.55078	222.78673	326.3915	213.15468	378.89734	147.88162	329.80106	283.1979	165.28375	216.8366	232.62465	252.23691	222.37975	129.60637	202.34695	320.77197	160.80994	281.17557	194.05806	217.0736	384.88535	79.9744	382.40506	255.87741	184.9369	261.23535	135.51768	296.8322	171.00626	216.91624	269.3461	306.68085	277.7326	219.77435	275.11682	187.92458	257.81903	204.11676	302.9012	144.81148	219.42683	218.11441	342.6339	372.17096	162.61662	356.4822	215.0474	195.49474	111.60351	164.69106	274.71103	319.15262	254.54674	161.42136	100.205765	191.46983	158.5269	81.13101
25	132.09659	296.6878	156.39449	336.0278	112.2102	159.38983	134.12117	246.75381	178.13321	137.85797	176.36356	140.6296	297.2592	175.60374	82.02838	198.65085	177.97131	127.265076	178.3447	184.23573	225.19885	196.51912	135.1478	211.30426	309.95615	0.0	123.88469	71.85033	142.16357	273.27716	68.86763	186.68715	335.45685	155.43243	94.510735	145.6625	164.09834	203.23363	102.38775	132.0648	193.50485	106.98786	189.535	262.8154	72.14643	147.86607	231.23729	214.88737	299.18683	230.3274	76.79162	248.12172	259.46436	292.1425	93.84258	218.07141	246.03455	169.8756	247.09735	249.74194	285.85123	249.51424	284.28647	325.9875	226.96675	247.87065	265.84525	306.27307	303.30997	211.67813	284.2698	350.61877	196.87321	357.19504	300.0917	134.602	384.44507	325.57986	183.15726	233.23645	193.74535	220.29512	296.8102	307.263	369.75888	231.7503	244.37102	146.30815	330.8423	247.74153	304.22864	235.37749	295.48972	293.3081	203.91963	298.36835	294.20517	225.64131	346.89136	165.29558	126.38128	285.25613	194.14403	145.87476	323.61234	220.6709	166.12425	239.79132	284.66708	333.85764	90.08523	142.9032	202.37453	259.95526	302.1027	102.307755	271.67975	173.15115	340.1786	225.12157	223.01021	197.32812	256.286
26	202.54944	345.69058	196.08662	334.75507	160.28003	179.013	222.50443	283.59085	233.53812	196.43695	177.99799	174.0372	317.24042	173.41583	152.13823	224.87666	215.41618	152.45807	211.25749	181.36018	231.9936	182.1053	212.08138	223.94753	308.76614	123.88469	0.0	67.50854	57.42941	349.791	95.80915	68.56005	350.99033	114.44296	111.42143	60.844185	83.55349	247.23584	71.62249	106.1754	107.26444	63.086384	111.282265	303.14215	67.88466	129.84471	185.02365	175.2811	251.18254	283.90533	187.09737	300.51474	242.79005	273.8459	152.22017	192.8695	330.8474	207.73196	228.76222	266.2685	323.07205	221.25711	295.98117	357.1688	263.08206	310.14746	198.02208	349.3094	366.5356	299.41565	297.2597	329.45447	271.5996	318.67502	320.8726	191.80664	388.36	296.54642	185.64444	299.58652	289.22675	232.63574	351.19318	300.34354	351.9672	196.76491	244.52292	207.0193	338.396	280.16235	295.75595	281.4919	254.98558	226.42853	126.844536	369.72214	285.31842	325.37433	372.40744	272.14587	138.53354	367.54205	273.4591	255.65773	303.8386	278.26654	233.27713	305.76917	310.35333	359.5546	197.13335	112.65483	276.85086	223.18309	262.3555	200.58334	201.59422	265.8807	377.75803	237.6111	157.0395	155.42113	236.67795
27	184.0155	334.8668	194.57732	356.16046	147.41241	182.45178	197.2448	263.5063	196.44035	168.59906	169.94427	142.98112	328.52353	176.70981	107.68138	198.54109	192.54152	135.6041	199.96419	166.09554	220.54054	210.40662	168.95895	217.24594	333.1942	71.85033	67.50854	0.0	95.39661	316.36905	77.40917	131.5907	341.6291	122.86927	61.74875	78.68907	133.76784	242.995	63.42823	121.28798	138.3353	87.77932	151.84567	301.52048	61.718258	105.8409	208.46677	204.14024	281.88785	262.1904	146.847	262.4465	264.80896	301.5392	139.32825	221.46738	300.12042	210.45883	244.36496	265.78033	327.97705	227.95848	293.24387	348.1981	267.559	300.10632	241.39905	329.78787	352.33917	250.46274	306.40515	339.99295	239.4974	354.46683	321.3235	181.72891	397.72174	320.6886	203.93481	282.41217	245.99863	239.67603	332.1378	315.4324	373.4624	193.36853	267.8811	155.49318	342.40982	276.86322	304.72415	282.33206	274.79324	277.1227	182.13173	346.6894	288.46573	290.51227	373.24005	234.42639	148.31912	342.2665	252.45482	210.04471	329.9136	261.1831	212.06985	270.8938	289.58496	364.3322	135.95964	142.98131	261.4995	263.4953	296.67984	160.39725	232.62578	232.87318	378.5836	250.78471	203.90135	193.82854	267.11774
28	192.66176	309.4776	182.3849	300.78647	142.92693	150.67401	225.85547	239.67763	202.07741	167.72325	130.21384	141.53133	288.91888	126.21755	138.30753	184.93582	176.05891	116.94538	172.32202	137.60983	182.94789	189.019	190.52849	175.65779	288.3364	142.16357	57.42941	95.39661	0.0	318.69354	89.13856	60.02253	299.45126	63.006332	109.739044	60.37044	59.033684	223.19705	51.28751	67.942955	64.90517	60.952705	57.93136	274.1087	101.46258	107.80675	128.06918	127.08375	196.91275	246.43472	197.39151	266.4481	198.51767	237.26262	159.84462	158.59676	307.63858	210.76796	176.42	219.82263	306.293	165.84753	245.0066	310.3513	250.18703	294.55566	150.40712	305.10553	339.31985	278.15778	256.9598	272.5416	243.49054	275.41104	275.31165	212.388	338.18314	243.86415	170.93652	275.01373	270.4331	193.57541	312.3139	251.38733	301.6363	153.62587	235.14317	190.75616	287.3842	241.7443	241.63301	278.64084	197.58003	196.1386	128.43477	339.6881	230.21101	314.9644	328.76538	272.08597	134.94505	346.30222	262.0606	249.55273	260.18243	246.67801	210.02554	271.99414	264.1974	321.86304	199.31398	127.74097	277.30966	210.42444	217.43478	192.03726	147.14365	252.16992	345.75247	211.42496	122.924614	135.69904	211.31859
29	201.55887	129.39775	230.44394	294.5632	211.36253	217.52142	230.75116	119.40986	147.22073	153.40923	207.86095	198.45432	254.42499	211.5917	209.54306	183.69345	151.2993	201.8494	157.4321	231.45465	192.7796	349.69656	152.0046	173.4876	328.58307	273.27716	349.791	316.36905	318.69354	0.0	258.41577	376.47192	182.56033	273.29422	282.48218	345.29752	329.81287	190.63673	285.42865	263.41586	339.7261	302.8392	317.46964	189.76588	319.76852	290.01898	275.76266	273.86575	302.9571	84.15727	239.00214	150.37292	253.29132	292.45587	265.218	279.43195	80.99852	287.2835	232.72708	166.01045	267.70596	254.3423	170.4058	139.19832	257.42184	207.91263	333.31226	101.39965	154.9384	114.31032	211.09082	267.03848	79.67178	343.77176	170.02573	312.01498	243.08076	280.6626	278.35535	135.98753	91.83581	201.1442	78.43166	234.47229	286.99805	296.70557	323.62857	212.91656	198.64183	156.21016	220.54825	287.1399	283.1742	378.06494	379.68912	90.672325	219.12805	149.96419	189.84032	194.4601	277.22498	131.6658	181.38855	157.68695	288.5522	112.34205	143.86101	72.391304	166.01973	215.40988	220.72687	338.26517	250.55374	362.63837	310.91806	176.41443	333.01154	137.90886	220.12625	245.73463	332.51508	318.63522	309.08307
30	114.44563	260.58868	121.44352	282.65027	71.30101	105.80631	142.1599	209.4739	159.49826	107.023605	123.86437	110.62125	252.60268	113.5882	72.65838	167.05626	140.15378	76.74554	130.4857	143.13094	178.98041	165.54921	127.6187	159.06981	264.495	68.86763	95.80915	77.40917	89.13856	258.41577	0.0	140.98058	290.06485	98.6928	92.26644	117.33459	105.369194	166.29608	58.344944	63.23809	144.30647	54.142735	125.941795	224.29237	66.56332	125.071335	165.25595	146.41762	231.15097	197.61613	109.54541	233.27448	195.98907	232.23901	85.23275	155.5589	235.51596	152.14313	182.6379	196.40211	255.16075	193.19865	232.25699	281.97525	196.58191	227.81613	197.48828	271.10352	278.0554	216.44429	230.95314	291.64435	179.07394	291.92612	249.38385	145.9378	328.3885	259.8539	136.79314	209.03648	196.0668	164.5959	264.73663	246.49452	306.92648	191.72183	205.52332	150.78627	276.05713	201.48116	244.68144	218.58327	231.97054	230.38936	157.42595	277.21112	238.34737	231.77548	299.1013	184.13756	86.16032	273.91196	184.6324	163.92873	261.14056	188.54248	140.11977	221.93993	249.4248	287.44135	127.98601	111.00002	201.44997	210.41463	235.53563	106.92047	209.70271	170.83104	301.22662	176.25673	158.374	140.01846	201.32726
31	239.27292	357.13486	221.28586	322.95218	192.45612	193.83627	268.52686	294.24643	261.29224	226.18059	184.17938	200.49203	318.7719	175.77919	196.69516	240.48549	233.73259	175.5648	225.7667	189.48897	233.67505	195.36794	250.4006	226.82898	303.8338	186.68715	68.56005	131.5907	60.02253	376.47192	140.98058	0.0	345.844	115.28234	158.47176	81.68812	67.596	265.6881	107.60075	117.198044	80.09893	96.8141	77.77145	314.5852	129.28201	153.23874	157.96704	153.98242	214.10532	301.76257	243.23141	323.4776	226.46672	256.1183	197.22887	180.90395	362.51926	237.9491	212.02911	265.38312	336.59836	203.90913	290.5382	358.13937	281.16727	335.26477	153.93648	358.20615	385.93488	338.08487	292.8989	304.38547	301.36368	284.73898	318.0286	238.64465	372.52133	267.2454	196.25623	323.94452	329.15445	233.96858	365.0797	283.5838	326.0368	188.89743	249.72722	246.91917	327.1563	287.08588	278.63235	306.91928	223.75778	186.09195	109.79	392.24274	270.40112	366.9416	369.49207	321.20505	166.27383	397.21817	308.39127	304.5999	281.00266	298.50146	262.58365	330.7569	315.96832	358.6451	253.34436	136.84332	314.6679	209.8136	230.80977	247.0658	158.82127	305.56805	383.4551	242.27553	124.483986	145.66983	225.69469
32	286.27475	191.95215	290.26672	289.71915	263.32132	245.9846	336.9699	95.73855	178.53877	204.62825	174.03429	205.56972	287.56784	189.89821	256.94376	158.17406	157.89343	213.6987	175.64949	188.60098	124.32718	385.7482	220.31166	133.02303	351.05542	335.45685	350.99033	341.6291	299.45126	182.56033	290.06485	345.844	0.0	239.98763	298.8881	327.6027	313.52484	254.94965	286.3018	259.75165	287.8181	314.9542	271.534	248.88202	355.26547	271.96857	197.64366	230.23956	201.26585	143.64821	336.82037	160.59421	215.36041	269.07278	333.3062	266.40805	238.26227	357.91702	165.67015	136.28227	337.90884	152.23232	78.50688	96.77612	325.12634	310.27737	261.28842	83.71034	259.9913	223.22917	205.93211	104.14866	190.80247	275.7491	142.89548	395.4013	162.46912	181.81404	309.79147	242.5894	236.49718	204.36122	146.12845	169.64787	197.86082	220.44543	360.36713	249.14348	109.13962	181.82434	108.09498	372.9693	158.35548	331.70627	373.30334	220.80681	84.1977	308.233	178.0358	332.70325	317.69684	278.5003	298.47366	290.78812	238.30957	194.55884	230.83905	151.41057	80.61202	231.9739	304.50156	366.07162	362.82886	365.52792	247.82129	272.34293	229.9568	268.87027	269.75967	274.0009	297.72134	316.00418	309.50168
