	0	1	2	3	4	5	6	7	8	9	10	11	12	13	14	15	16	17	18	19	20	21	22	23	24	25	26	27	28	29	30	31	32	33	34	35	36	37	38	39	40	41	42	43	44	45	46	47	48	49	50	51	52	53	54	55	56	57	58	59	60	61	62	63	64	65	66	67	68	69	70	71	72	73	74	75	76	77	78	79	80	81	82	83	84	85	86	87	88	89	90	91	92	93	94	95	96	97	98	99	100	101	102	103	104	105	106	107	108	109	110	111	112	113	114	115	116	117	118	119	120	121	122
0	0.0	0.03870831	0.079488106	0.07518289	0.06942364	0.101642534	0.5567305	0.118332736	6.2014327	5.622037	5.6732216	5.925164	6.96277	5.9374237	7.0048594	6.1494446	6.041345	5.9862576	6.50209	5.6386514	5.565653	5.747412	5.748935	5.992893	7.0984855	8.102067	7.439667	6.4543576	7.0623503	6.3948946	6.407677	7.848538	6.7594495	6.0100303	6.701503	7.6404095	6.978492	7.064973	7.23774	6.3009896	7.109056	6.4897575	7.0865064	6.48937	6.5044394	6.7443566	9.213381	5.2854176	7.3358717	10.449162	6.612879	10.543056	10.22719	10.985247	1.2218556	6.7476883	1.9813684	2.1731715	6.1131067	8.75789	5.874927	7.398252	10.754518	8.533427	5.6035666	6.490243	4.893793	6.4323263	1.9167662	8.031033	7.8877096	11.359611	10.121574	11.091213	9.591189	1.841737	10.322806	6.5500197	1.2940218	8.684069	9.897089	8.469574	7.9741254	6.550428	7.08193	10.446244	9.471803	9.115861	9.447572	7.1441574	10.914561	8.3785715	9.915009	10.357985	7.592721	1.1878811	11.731488	8.509055	8.312287	6.4532876	1.4888582	1.1651324	7.1928816	7.240005	10.936915	7.966007	7.1845036	8.73618	1.1851823	9.723984	6.5427494	6.3707557	7.8519526	9.652345	10.704423	8.301978	10.331477	6.813161	10.063565	1.4217728	6.3899837	6.9424157	6.281216
1	0.03870831	0.0	0.040879376	0.039108474	0.06491122	0.12031965	0.5863528	0.08273361	6.239772	5.660229	5.7113237	5.9631834	7.000333	5.9754386	7.042193	6.1877084	6.0794835	6.0248613	6.540596	5.676928	5.604173	5.7859664	5.7874556	6.031438	7.084512	8.088837	7.4230866	6.434442	7.047288	6.3794827	6.3933516	7.831477	6.740939	5.993465	6.6795855	7.6225386	6.959522	7.0492077	7.222694	6.2874146	7.0975413	6.474589	7.068198	6.4724393	6.48614	6.7204576	9.2462225	5.3077183	7.3565435	10.479513	6.6312346	10.56	10.244665	11.001381	1.1939563	6.7659125	1.9514614	2.142543	6.1300955	8.777746	5.8830614	7.4129744	10.777411	8.54958	5.6173434	6.5039997	4.9121366	6.454048	1.8866739	8.038047	7.911982	11.380563	10.151753	11.111772	9.608004	1.8298914	10.33299	6.57821	1.2570451	8.705611	9.92511	8.493622	7.9946055	6.5742583	7.108077	10.458087	9.493467	9.1372595	9.4681015	7.1665654	10.937133	8.398035	9.943349	10.38854	7.6185575	1.1507275	11.752554	8.518316	8.324091	6.4645715	1.4661478	1.1291182	7.2033343	7.2573256	10.955457	7.9837675	7.199821	8.749423	1.1617604	9.73371	6.5667796	6.3890285	7.869758	9.6711855	10.723582	8.316366	10.358087	6.821803	10.074226	1.3836815	6.403672	6.9548345	6.2985764
2	0.079488106	0.040879376	0.0	0.01683228	0.07937366	0.14593358	0.61614287	0.053716816	6.2806225	5.701029	5.7520843	6.003905	7.0407968	6.0161576	7.08251	6.2285347	6.1202602	6.0657263	6.5814753	5.717759	5.6450524	5.8268437	5.8283343	6.0723157	7.066207	8.071263	7.4021387	6.410181	7.02788	6.3597403	6.374709	7.8100367	6.7180715	5.972572	6.6533356	7.6002903	6.936189	7.0290895	7.2032976	6.269538	7.08174	6.45509	7.0455246	6.451163	6.4634895	6.692262	9.282931	5.334672	7.3818617	10.513989	6.6542926	10.581593	10.2667885	11.022161	1.1682435	6.7888365	1.9230318	2.113201	6.1518145	8.802242	5.895856	7.4323974	10.804849	8.57041	5.6358733	6.5224776	4.935242	6.480408	1.8580334	8.0496235	7.940778	11.406105	10.186074	11.13693	9.6294775	1.8221757	10.34777	6.6107283	1.2195768	8.731757	9.957438	8.522195	8.019724	6.602653	7.1386704	10.474553	9.519722	9.16326	9.493248	7.193576	10.964257	8.422149	9.975974	10.423204	7.64885	1.1130128	11.778203	8.532186	8.340551	6.4805536	1.446406	1.0930531	7.2184496	7.279343	10.97863	8.0062065	7.219845	8.76733	1.1414036	9.748034	6.5953665	6.412011	7.8922443	9.694669	10.747368	8.335434	10.389085	6.8350835	10.089498	1.3444575	6.4220843	6.9719505	6.320658
3	0.07518289	0.039108474	0.01683228	0.0	0.06351111	0.13121574	0.60164124	0.070198625	6.276048	5.6968617	5.7481403	6.000151	7.0379415	6.012414	7.0800414	6.2241774	6.116227	6.0601244	6.576328	5.7133675	5.639849	5.8214903	5.8231316	6.0670056	7.0541987	8.059025	7.3910356	6.40036	7.016237	6.348209	6.3628087	7.7991138	6.7076883	5.961444	6.644382	7.58967	6.9259906	7.0176907	7.191651	6.25739	7.068963	6.443476	7.0350666	6.440176	6.453021	6.684239	9.285307	5.343259	7.3911953	10.518204	6.6645603	10.592428	10.277425	11.033292	1.1840534	6.799157	1.9382204	2.1281457	6.1625934	8.81193	5.90941	7.443995	10.813217	8.58152	5.647762	6.534386	4.9454837	6.4892745	1.8731714	8.063488	7.9484663	11.415346	10.190403	11.146338	9.640355	1.8388561	10.360803	6.6162844	1.2308905	8.7407255	9.9631195	8.529999	8.029144	6.6105433	7.145386	10.487099	9.528642	9.172295	9.50266	7.2021422	10.972775	8.431994	9.981464	10.4272785	7.6557364	1.1241457	11.787397	8.5454645	8.353095	6.4932337	1.4629762	1.1053386	7.2313824	7.2900133	10.98886	8.016719	7.2312365	8.7794285	1.1579314	9.761192	6.6031594	6.4223075	7.9027376	9.704773	10.757352	8.347153	10.395572	6.848515	10.102392	1.3540844	6.4340143	6.9842916	6.331301
4	0.06942364	0.06491122	0.07937366	0.06351111	0.0	0.069145344	0.5389983	0.13301304	6.237466	5.659588	5.711572	5.964178	7.004832	5.976472	7.0482035	6.1862783	6.0793586	6.0183916	6.5359592	5.6753864	5.5993495	5.780523	5.7826242	6.0261602	7.0290937	8.032736	7.3703074	6.3856273	6.992927	6.3254743	6.3382683	7.7792253	6.690368	5.940671	6.6335044	7.571209	6.9095097	6.995563	7.1683164	6.231625	7.0399666	6.4203343	7.0173836	6.420045	6.435317	6.6773887	9.270385	5.3533545	7.4044294	10.510212	6.6820292	10.612396	10.296472	11.0546465	1.2475275	6.816862	2.001618	2.1913884	6.182447	8.826693	5.943066	7.467668	10.82214	8.602827	5.6729307	6.5596066	4.9629526	6.5005016	1.9365424	8.09876	7.954575	11.428061	10.182863	11.159798	9.6605425	1.894333	10.391576	6.613708	1.2884892	8.752304	9.960913	8.536572	8.042744	6.617568	7.14748	10.515368	9.539987	9.184151	9.51617	7.21203	10.98234	8.447479	9.978501	10.418752	7.658508	1.1814047	11.799897	8.577566	8.381403	6.5223007	1.5251838	1.1648977	7.2617116	7.3093085	11.006023	8.035252	7.2539268	8.805499	1.220314	9.79263	6.609772	6.439922	7.9211907	9.721394	10.773399	8.371383	10.396618	6.8814745	10.13245	1.4078441	6.4593415	7.0116286	6.3505163
5	0.101642534	0.12031965	0.14593358	0.13121574	0.069145344	0.0	0.47042608	0.19848594	6.1815915	5.6048183	5.6573863	5.9104743	6.953504	5.922793	6.9979734	6.1309648	6.0249004	5.9600143	6.478635	5.620033	5.541964	5.7227573	5.7252235	5.9684796	7.022051	8.024212	7.368344	6.3905616	6.987997	6.3212833	6.331959	7.7781963	6.6923594	5.9388013	6.6426783	7.571827	6.9124284	6.9920115	7.163343	6.22388	7.0282707	6.4156575	7.0189333	6.418858	6.436901	6.690924	9.235675	5.3448443	7.399143	10.482305	6.6815524	10.614514	10.297549	11.058341	1.3131627	6.8166385	2.0689027	2.2591343	6.1847363	8.823009	5.961732	7.4742417	10.811924	8.606582	5.6814394	6.5680714	4.962709	6.493083	2.0039299	8.119249	7.941467	11.421984	10.155424	11.154555	9.662952	1.943356	10.4064245	6.591555	1.3570883	8.745094	9.938928	8.523926	8.037813	6.60556	7.130159	10.5272	9.532475	9.177221	9.511054	7.2030745	10.972817	8.444626	9.955734	10.390309	7.641863	1.2499075	11.79357	8.594118	8.393382	6.535332	1.586401	1.2339623	7.276197	7.3108473	11.004935	8.035867	7.2593756	8.814796	1.2820691	9.808313	6.5973206	6.4396343	7.9217234	9.7197485	10.771064	8.378543	10.378003	6.8991933	10.146445	1.4748721	6.4679427	7.0225506	6.3520565
6	0.5567305	0.5863528	0.61614287	0.60164124	0.5389983	0.47042608	0.0	0.6677732	5.853442	5.287237	5.3446302	5.6012216	6.6619706	5.6137247	6.715296	5.8076816	5.7090673	5.610561	6.1375546	5.2974396	5.20198	5.379094	5.3847404	5.6251154	6.927587	7.9175873	7.307381	6.37912	6.9078884	6.248062	6.244374	7.7226634	6.659982	5.882594	6.6594343	7.5279126	6.885755	6.9212165	7.082501	6.1269355	6.902479	6.3388567	6.982667	6.3656945	6.402503	6.7374496	9.069619	5.3753333	7.445028	10.3646965	6.7615275	10.705003	10.381464	11.15883	1.7783726	6.897939	2.5377543	2.7288485	6.284499	8.877002	6.167239	7.598819	10.818791	8.710565	5.8234277	6.7070756	5.050528	6.5268574	2.473009	8.3316965	7.932596	11.456532	10.0415745	11.195035	9.756508	2.33945	10.580294	6.52228	1.8156886	8.775304	9.864492	8.517164	8.084766	6.6075263	7.093689	10.6815	9.5594425	9.208664	9.554336	7.2244496	10.984276	8.504844	9.875706	10.268925	7.608952	1.7078513	11.826063	8.781021	8.551342	6.703763	2.0365126	1.6985717	7.4522047	7.4026537	11.073599	8.12004	7.37706	8.9547615	1.7353371	9.988149	6.5962462	6.5215573	8.005565	9.786154	10.83159	8.505266	10.326901	7.09645	10.315096	1.919653	6.608098	7.1762977	6.446364
7	0.118332736	0.08273361	0.053716816	0.070198625	0.13301304	0.19848594	0.6677732	0.0	6.3070498	5.7263036	5.7767076	6.027962	7.0621715	6.040186	7.1027327	6.2543373	6.145127	6.095091	6.6095333	5.743681	5.6733055	5.8555145	5.8565784	6.100854	7.094934	8.100855	7.427433	6.4307923	7.0552163	6.386673	6.4030437	7.8346477	6.74072	5.9980025	6.6708255	7.623786	6.958154	7.0555034	7.230643	6.298826	7.113456	6.482333	7.0684376	6.476051	6.4864607	6.706473	9.288097	5.3190494	7.3634796	10.513152	6.6325245	10.5576315	10.243575	10.997081	1.1149226	6.766868	1.8705679	2.0611408	6.1281652	8.782539	5.861348	7.405609	10.789841	8.545449	5.6080265	6.4945188	4.9136505	6.4637356	1.805654	8.013772	7.928216	11.387977	10.184863	11.118204	9.605371	1.7721839	10.315308	6.605524	1.1757817	8.714651	9.951721	8.509215	8.001006	6.58943	7.129502	10.444033	9.502774	9.145909	9.474535	7.177946	10.948717	8.401879	9.970893	10.422826	7.639079	1.0697381	11.760241	8.498748	8.310068	6.44957	1.3927779	1.0468833	7.18644	7.256061	10.95691	7.983497	7.19385	8.738586	1.0877371	9.715073	6.5824847	6.390145	7.869604	9.673427	10.726554	8.308161	10.380621	6.8010564	10.057596	1.30503	6.394048	6.942294	6.2975082
8	6.2014327	6.239772	6.2806225	6.276048	6.237466	6.1815915	5.853442	6.3070498	0.0	0.5984479	0.5771722	0.4145057	1.0314542	0.40947908	1.1715925	0.098497815	0.26111966	0.44985127	0.3775358	0.5668222	0.67700404	0.540356	0.5104086	0.3508763	11.483138	12.303066	12.027172	11.425978	11.551225	10.994079	10.910583	12.441974	11.584317	10.754623	11.8148775	12.326872	11.821964	11.617281	11.705532	10.752382	11.261088	11.055991	11.862498	11.20783	11.337169	12.013266	4.3607244	4.6613703	5.8029323	5.996593	5.8189416	8.766785	8.418739	9.271474	7.03195	5.9105835	7.6905856	7.882323	5.7996554	6.873789	6.941548	6.8624134	7.82699	7.3776865	6.048285	6.4844112	5.1677036	5.1493964	7.6472535	8.4716625	5.432922	8.703606	5.7605996	8.5535145	8.040315	6.7818694	9.736919	3.8944733	7.3953514	6.502945	6.065974	5.8577704	6.227327	4.8077016	4.5840244	9.564808	7.053386	6.839899	7.2521653	5.3716097	8.021804	6.6827483	6.0095963	5.8722196	4.927517	7.30282	8.997038	8.480192	7.940829	6.8282056	7.03637	7.2417564	7.394559	6.337362	8.799813	6.7128024	6.63571	8.012313	6.8717995	9.331938	4.76556	5.713858	6.6309867	7.7221565	8.496175	7.5140595	6.7234664	7.418126	9.450862	7.5660963	6.4409795	6.944773	5.8192344
9	5.622037	5.660229	5.701029	5.6968617	5.659588	5.6048183	5.287237	5.7263036	0.5984479	0.0	0.09349091	0.33725044	1.4323425	0.349875	1.5292373	0.53196967	0.4221112	0.63750464	0.95496327	0.080254026	0.36771813	0.44131064	0.39023602	0.55721295	11.07913	11.92161	11.610679	10.972931	11.139157	10.567993	10.491507	12.027992	11.144602	10.314624	11.352506	11.904132	11.38241	11.200495	11.296535	10.335885	10.874251	10.633153	11.428904	10.773914	10.894926	11.538685	4.5684733	4.237976	5.54209	6.169578	5.478587	8.62126	8.26985	9.1282215	6.437091	5.5787544	7.092984	7.284482	5.4121175	6.694276	6.4870563	6.5374365	7.804586	7.131224	5.607735	6.0977964	4.6980643	4.8267803	7.049884	8.103443	5.2717237	8.662662	5.9116015	8.494878	7.853922	6.183711	9.484424	3.6656568	6.805948	6.347895	6.134483	5.736172	6.0091643	4.518905	4.3827295	9.338445	6.945359	6.7075415	7.121489	5.1187315	7.9987435	6.47486	6.0887475	6.048397	4.7708473	6.7142644	8.971113	8.152157	7.631357	6.4218035	6.4388666	6.651879	7.0196514	6.0299516	8.69684	6.4561024	6.304185	7.738443	6.2760496	9.053971	4.4783735	5.3549094	6.3679676	7.5715785	8.395881	7.2335753	6.7736993	7.0112357	9.196045	6.9784193	6.0478716	6.573317	5.446417
10	5.6732216	5.7113237	5.7520843	5.7481403	5.711572	5.6573863	5.3446302	5.7767076	0.5771722	0.09349091	0.0	0.2610053	1.3560063	0.27377504	1.4479951	0.4997871	0.36953878	0.68227786	0.9462776	0.1609743	0.45568973	0.50951606	0.4560936	0.59217227	11.164751	12.00897	11.695134	11.053474	11.224058	10.651588	10.575801	12.112656	11.226699	10.39676	11.431826	11.987963	11.464506	11.284951	11.381701	10.420438	10.961278	10.717069	11.511649	10.856677	10.976758	11.616295	4.4755626	4.1917195	5.4714894	6.076141	5.418564	8.540183	8.188987	9.04704	6.475856	5.517509	7.1266136	7.3173523	5.359774	6.6156917	6.448521	6.475583	7.715477	7.0595484	5.565812	6.045585	4.662399	4.763793	7.0841355	8.048686	5.1910286	8.574594	5.818111	8.407767	7.7762604	6.2096453	9.413939	3.5902221	6.850275	6.267086	6.0419617	5.6525598	5.934077	4.4511414	4.3051386	9.265045	6.8611197	6.6250253	7.038946	5.046996	7.9096913	6.3989005	5.995996	5.9549823	4.6895323	6.7592893	8.882312	8.091195	7.5676546	6.373311	6.4728403	6.6958337	6.965732	5.9654517	8.612571	6.385386	6.2431984	7.6701508	6.313542	8.986463	4.410375	5.2977204	6.297961	7.490716	8.311379	7.16597	6.68171	6.9630175	9.12578	7.0240746	5.9967966	6.518678	5.391552
11	5.925164	5.9631834	6.003905	6.000151	5.964178	5.9104743	5.6012216	6.027962	0.4145057	0.33725044	0.2610053	0.0	1.0960139	0.0127740605	1.1921734	0.31837136	0.1555172	0.6921754	0.7898679	0.36655653	0.63218486	0.610172	0.5568395	0.5833723	11.414152	12.254343	11.946698	11.310181	11.47484	10.904544	10.827646	12.363855	11.481697	10.651712	11.689626	12.240548	11.719504	11.536517	11.631988	10.671845	11.207527	10.969528	11.765814	11.110821	11.232076	11.875305	4.262957	4.2528863	5.442245	5.875511	5.431037	8.458571	8.108706	8.964624	6.714776	5.525341	7.3588276	7.5484962	5.3991137	6.548317	6.52944	6.4799933	7.582931	7.0239673	5.6377583	6.0844536	4.7539115	4.766317	7.3171906	8.077172	5.114271	8.449692	5.623869	8.289783	7.7125993	6.431175	9.381998	3.543237	7.0954537	6.1884813	5.874915	5.558828	5.884283	4.435498	4.245884	9.220488	6.7625504	6.536706	6.95016	5.013495	7.7775087	6.3445253	5.8252487	5.753291	4.610181	7.005218	8.751714	8.0975895	7.564108	6.4239597	6.7056823	6.94064	6.997914	5.960357	8.512797	6.3545566	6.25108	7.6483574	6.550943	8.967052	4.3938627	5.3205447	6.270235	7.410857	8.210357	7.1473646	6.521633	7.0139756	9.094911	7.2706175	6.039484	6.5488315	5.4223156
12	6.96277	7.000333	7.0407968	7.0379415	7.004832	6.953504	6.6619706	7.0621715	1.0314542	1.4323425	1.3560063	1.0960139	0.0	1.0832728	0.16954343	1.0133272	1.0336784	1.4719304	1.059455	1.4504576	1.6647725	1.5610983	1.5229405	1.3805584	12.490639	13.319996	13.028436	12.402868	12.554755	11.989666	11.910222	13.444653	12.571161	11.741149	12.784007	13.324662	12.808951	12.618316	12.710651	11.753409	12.275852	12.053514	12.853511	12.198535	12.322198	12.971023	3.369133	4.566309	5.3485394	5.0166545	5.512276	8.093428	7.7527795	8.591473	7.692513	5.5850496	8.305776	8.490277	5.591448	6.268623	6.8691044	6.5058	7.007065	6.872496	5.9568086	6.260205	5.1711617	4.825157	8.267872	8.180874	4.824893	7.8989444	4.7964664	7.7701797	7.432226	7.3369985	9.219413	3.4478142	8.0998335	5.866651	5.1671333	5.1838717	5.692713	4.4302664	4.0623746	9.005948	6.344513	6.166686	6.5718293	4.913493	7.201311	6.1242275	5.1014967	4.890865	4.3249974	8.013166	8.174122	8.108836	7.5401745	6.641928	7.6574645	7.9436717	7.130789	5.956413	8.069414	6.234408	6.295539	7.5465593	7.52265	8.860974	4.386578	5.447234	6.1648154	7.0648184	7.7644343	7.065852	5.836637	7.2241073	8.939334	8.280848	6.2317524	6.6803746	5.5790567
13	5.9374237	5.9754386	6.0161576	6.012414	5.976472	5.922793	5.6137247	6.040186	0.40947908	0.349875	0.27377504	0.0127740605	1.0832728	0.0	1.1796408	0.31270453	0.1492397	0.69550455	0.78394437	0.3784992	0.64250433	0.6177873	0.56468207	0.58626133	11.426466	12.266479	11.959106	11.322805	11.487215	10.917011	10.840067	12.376247	11.494251	10.664265	11.702294	12.252999	11.732059	11.548924	11.64434	10.684248	11.219703	10.981976	11.778333	11.12334	11.244643	11.8880205	4.252491	4.25594	5.4407926	5.865596	5.431629	8.454441	8.104649	8.960444	6.726373	5.525701	7.3700857	7.5596995	5.4010205	6.54494	6.53332	6.4801393	7.576322	7.0221334	5.64124	6.086302	4.758396	4.7664676	7.3284907	8.078443	5.110501	8.4434395	5.6142735	8.283873	7.709367	6.4419127	9.380281	3.5410795	7.1073637	6.184566	5.866653	5.554196	5.8817983	4.434786	4.2430425	9.218156	6.7576327	6.5323	6.9457173	5.011861	7.770913	6.341795	5.816806	5.7433267	4.6063166	7.017166	8.745177	8.097778	7.5638256	6.426368	6.7169766	6.952532	6.999398	5.9600616	8.507775	6.352981	6.251406	7.647179	6.562465	8.965958	4.3931117	5.3216496	6.2688155	7.406839	8.20528	7.146358	6.513697	7.0163765	9.093251	7.282596	6.04152	6.550234	5.423803
14	7.0048594	7.042193	7.08251	7.0800414	7.0482035	6.9979734	6.715296	7.1027327	1.1715925	1.5292373	1.4479951	1.1921734	0.16954343	1.1796408	0.0	1.1445221	1.1472412	1.6173873	1.2232734	1.5544312	1.7841159	1.691532	1.6507725	1.5223509	12.603239	13.438182	13.137696	12.501464	12.665238	12.096361	12.018862	13.55457	12.673839	11.843858	12.879503	13.432176	12.911645	12.727525	12.82194	11.862761	12.392741	12.161107	12.957963	12.302969	12.4241495	13.062286	3.20888	4.469534	5.205384	4.8546643	5.385349	7.929891	7.5897965	8.427417	7.712141	5.4557524	8.315508	8.49836	5.476496	6.1106296	6.769476	6.3715086	6.837763	6.7226186	5.85639	6.141911	5.0861673	4.6976976	8.278723	8.052203	4.6679735	7.7298646	4.632078	7.6016436	7.273352	7.3366046	9.067072	3.3104148	8.128038	5.7065682	4.9981923	5.0216045	5.541235	4.297571	3.914797	8.850237	6.1794753	6.003871	6.4083796	4.7706985	7.03199	5.970196	4.932874	4.729091	4.169231	8.042723	8.004728	7.9713144	7.4000387	6.5277543	7.669246	7.971527	7.0063925	5.8201904	7.9028406	6.087675	6.1633825	7.399886	7.5405602	8.712992	4.253826	5.3252897	6.0193663	6.902635	7.5978565	6.9212875	5.667442	7.1081	8.787636	8.311027	6.1153817	6.556508	5.4601
15	6.1494446	6.1877084	6.2285347	6.2241774	6.1862783	6.1309648	5.8076816	6.2543373	0.098497815	0.53196967	0.4997871	0.31837136	1.0133272	0.31270453	1.1445221	0.0	0.16364376	0.5027571	0.47153282	0.51094574	0.6614125	0.54792535	0.50996196	0.39551008	11.48424	12.309106	12.025567	11.415715	11.550553	10.990164	10.908254	12.44098	11.577292	10.747428	11.802336	12.323883	11.815004	11.615561	11.705563	10.750611	11.265859	11.052828	11.856949	11.202127	11.329513	11.997607	4.3164334	4.562915	5.7090707	5.9481287	5.7216525	8.681669	8.333277	9.186636	6.96901	5.8135796	7.6236176	7.814784	5.701332	6.7855353	6.8434334	6.765757	7.7537193	7.2849565	5.949956	6.3861265	5.0701284	5.052599	7.5807643	8.373795	5.34562	8.628542	5.7086987	8.476555	7.951786	6.7093053	9.644109	3.8017204	7.3372345	6.4165173	6.002876	5.77395	6.1361547	4.712192	4.493394	9.473644	6.9712057	6.7554793	7.168007	5.278078	7.9485154	6.5923843	5.9478498	5.8241706	4.8403363	7.245315	8.923672	8.3835535	7.844897	6.729737	6.9696274	7.183282	7.296506	6.241339	8.718522	6.6193595	6.538796	7.9181094	6.807806	9.237646	4.6701117	5.616052	6.537174	7.6364107	8.415076	7.4194503	6.658362	7.3196616	9.357886	7.509211	6.3426123	6.8467703	5.7211413
16	6.041345	6.0794835	6.1202602	6.116227	6.0793586	6.0249004	5.7090673	6.145127	0.26111966	0.4221112	0.36953878	0.1555172	1.0336784	0.1492397	1.1472412	0.16364376	0.0	0.59499204	0.634705	0.42316532	0.6378733	0.569418	0.5213464	0.48364443	11.458187	12.291071	11.994999	11.371187	11.5215845	10.955988	10.876678	12.411352	11.5379715	10.707966	11.7540865	12.291015	11.775753	11.584867	11.677718	10.719978	11.245883	11.019866	11.819978	11.1650095	11.289208	11.944344	4.275085	4.4012475	5.5654554	5.8979397	5.5676756	8.558515	8.209396	9.064036	6.8447275	5.6606145	7.493548	7.6838923	5.5426126	6.655569	6.6805224	6.6139092	7.6554995	7.144123	5.787591	6.2276464	4.906649	4.9004035	7.4513683	8.217417	5.2181416	8.526536	5.6523113	8.370707	7.821029	6.571691	9.502909	3.6614573	7.219811	6.2907796	5.9252005	5.6541567	5.9993525	4.564088	4.3582773	9.336531	6.854687	6.6341424	7.047166	5.1354084	7.8502183	6.4574776	5.8727975	5.7748103	4.7132897	7.1288	8.82504	8.23169	7.6952634	6.5696716	6.8399777	7.0653725	7.139292	6.0915275	8.603614	6.4767466	6.386099	7.7733703	6.6820602	9.092595	4.522196	5.460032	6.393595	7.5119967	8.300616	7.2736387	6.5765524	7.159642	9.216279	7.3935423	6.183558	6.689808	5.5637746
17	5.9862576	6.0248613	6.0657263	6.0601244	6.0183916	5.9600143	5.610561	6.095091	0.44985127	0.63750464	0.68227786	0.6921754	1.4719304	0.69550455	1.6173873	0.5027571	0.59499204	0.0	0.54641056	0.56312907	0.44513777	0.25612357	0.27990273	0.11135099	11.083987	11.893682	11.633839	11.053927	11.155922	10.606363	10.519203	12.047175	11.203947	10.374957	11.448777	11.936622	11.441359	11.224311	11.308645	10.359776	10.854406	10.666494	11.478427	10.824328	10.958454	11.6557665	4.810576	4.8731823	6.1284366	6.4460306	6.0957327	9.148937	8.799355	9.654779	6.871371	6.1932077	7.551902	7.746711	6.041841	7.240433	7.1245546	7.150272	8.248627	7.7123475	6.244861	6.727663	5.335216	5.437318	7.505814	8.7298155	5.8058004	9.120778	6.20894	8.96557	8.404774	6.680143	10.069593	4.233405	7.208091	6.8796206	6.5053163	6.246769	6.575419	5.116016	4.9378095	9.911061	7.448466	7.225859	7.639106	5.700906	8.443379	7.0362415	6.4505224	6.32174	5.301482	7.112574	9.41834	8.76684	8.239302	7.0554457	6.897668	7.0566506	7.647275	6.636106	9.197786	7.0414515	6.919075	8.332263	6.7175045	9.650151	5.0747533	5.9775167	6.9560976	8.101651	8.89491	7.829893	7.160146	7.645109	9.782158	7.3721952	6.6790385	7.199926	6.0727563
18	6.50209	6.540596	6.5814753	6.576328	6.5359592	6.478635	6.1375546	6.6095333	0.3775358	0.95496327	0.9462776	0.7898679	1.059455	0.78394437	1.2232734	0.47153282	0.634705	0.54641056	0.0	0.90985537	0.936693	0.75892913	0.7534746	0.5132641	11.61217	12.413757	12.16554	11.594828	11.6865425	11.1412	11.0521755	12.577956	11.741932	10.913325	11.991281	12.4699745	11.979221	11.756284	11.838261	10.892105	11.377026	11.200432	12.01483	11.361069	11.4971075	12.200065	4.427816	5.0220914	6.108678	6.0760226	6.1536393	9.016299	8.670423	9.519147	7.359817	6.2422347	8.027654	8.220636	6.149243	7.1426764	7.307702	7.1902137	8.0157385	7.674473	6.4117484	6.8329453	5.5378933	5.4794273	7.9832354	8.812701	5.69783	8.900395	5.855307	8.759932	8.310007	7.131484	10.033266	4.1949263	7.711111	6.76162	6.2094626	6.1027923	6.514628	5.126751	4.869852	9.850171	7.2882094	7.087038	7.497483	5.6753864	8.210444	6.9645815	6.147085	5.950176	5.1924977	7.617072	9.18521	8.807309	8.26165	7.1821976	7.373164	7.5585036	7.7386107	6.6596365	9.028466	7.0149364	6.966129	8.319298	7.2022576	9.639123	5.08416	6.054808	6.935801	7.975911	8.724025	7.8243227	6.8749623	7.7718225	9.748458	7.87862	6.791485	7.2881517	6.164371
19	5.6386514	5.676928	5.717759	5.7133675	5.6753864	5.620033	5.2974396	5.743681	0.5668222	0.080254026	0.1609743	0.36655653	1.4504576	0.3784992	1.5544312	0.51094574	0.42316532	0.56312907	0.90985537	0.0	0.29499263	0.3611747	0.31045663	0.4878784	11.049472	11.888283	11.583267	10.952411	11.110911	10.542215	10.464439	12.000173	11.12146	10.291448	11.333943	11.877876	11.35926	11.173094	11.267765	10.308335	10.841687	10.606786	11.404619	10.749624	10.87225	11.522763	4.61976	4.315383	5.6221786	6.2253237	5.5584984	8.698934	8.347612	9.205852	6.465276	5.6587787	7.1255126	7.3176246	5.4908657	6.772865	6.5620747	6.6175046	7.876279	7.2112174	5.6838613	6.176504	4.772202	4.9069343	7.0818915	8.182599	5.349537	8.735558	5.96937	8.568717	7.932793	6.2225957	9.564532	3.7450337	6.829025	6.42567	6.199468	5.8125606	6.0886393	4.5991416	4.4615927	9.418225	7.0213757	6.784532	7.1984677	5.198709	8.070507	6.5541544	6.152871	6.1037765	4.848392	6.736699	9.043182	8.232142	7.7115383	6.499685	6.4711885	6.675324	7.0986705	6.11017	8.772843	6.5361857	6.384182	7.8186693	6.3053765	9.134218	4.5586033	5.4344788	6.448105	7.6493382	8.471735	7.3138194	6.840277	7.089038	9.27617	7.000223	6.1263456	6.6524696	5.525626
20	5.565653	5.604173	5.6450524	5.639849	5.5993495	5.541964	5.20198	5.6733055	0.67700404	0.36771813	0.45568973	0.63218486	1.6647725	0.64250433	1.7841159	0.6614125	0.6378733	0.44513777	0.936693	0.29499263	0.0	0.18950713	0.18328264	0.42898428	10.826423	11.655661	11.36605	10.7543745	10.891571	10.329649	10.2484045	11.781783	10.916002	10.086121	11.141422	11.663706	11.153722	10.955995	11.047008	10.091045	10.611183	10.392603	11.1959305	10.54108	10.668154	11.337899	4.894949	4.5345945	5.8919168	6.507111	5.8070674	8.985889	8.6342745	9.49294	6.4347677	5.909873	7.1114106	7.3057914	5.722614	7.0561953	6.759963	6.869427	8.171166	7.4825864	5.8909564	6.4074264	4.9652104	5.162099	7.065753	8.418326	5.636135	9.030013	6.2540507	8.862548	8.21456	6.235614	9.833311	4.0239177	6.778429	6.7123485	6.4920006	6.102941	6.366313	4.86395	4.7436953	9.692496	7.312457	7.073516	7.487472	5.470671	8.365379	6.833241	6.4446926	6.385041	5.1358953	6.6837816	9.3379755	8.481625	7.9669876	6.721761	6.4570317	6.6263056	7.332949	6.367795	9.063935	6.8058953	6.6343656	8.08343	6.279556	9.397186	4.8238816	5.6770334	6.7164936	7.9360285	8.763091	7.5773287	7.133909	7.3100853	9.544558	6.944631	6.354698	6.888609	5.763002
21	5.747412	5.7859664	5.8268437	5.8214903	5.780523	5.7227573	5.379094	5.8555145	0.540356	0.44131064	0.50951606	0.610172	1.5610983	0.6177873	1.691532	0.54792535	0.569418	0.25612357	0.75892913	0.3611747	0.18950713	0.0	0.054810416	0.24602698	10.942903	11.764138	11.486829	10.888174	11.01087	10.453987	10.370286	11.901618	11.045046	10.215429	11.278462	11.786635	11.282665	11.076942	11.165203	10.212049	10.721682	10.515783	11.322762	10.668143	10.798139	11.479256	4.8441195	4.669593	5.980761	6.4672265	5.9195013	9.043232	8.692416	9.549877	6.6222606	6.0199146	7.300096	7.4945965	5.849065	7.122254	6.9078355	6.978669	8.191024	7.569022	6.033621	6.5345554	5.115256	5.2680907	7.254317	8.541876	5.695036	9.055888	6.22073	8.8936825	8.283652	6.4251213	9.923208	4.0992136	6.9635625	6.7707725	6.4835806	6.150743	6.443114	4.959226	4.8128004	9.77449	7.3574176	7.1255326	7.539343	5.556467	8.385536	6.9075255	6.433056	6.344155	5.1926403	6.8686037	9.359443	8.593238	8.0726595	6.855187	6.6457524	6.8116755	7.4575872	6.471186	9.108529	6.8946943	6.745291	8.178568	6.4674745	9.494456	4.9185886	5.794829	6.8070745	7.9941983	8.806716	7.6740065	7.131341	7.444254	9.63499	7.1290226	6.4837074	7.0117617	5.885094
22	5.748935	5.7874556	5.8283343	5.8231316	5.7826242	5.7252235	5.3847404	5.8565784	0.5104086	0.39023602	0.4560936	0.5568395	1.5229405	0.56468207	1.6507725	0.50996196	0.5213464	0.27990273	0.7534746	0.31045663	0.18328264	0.054810416	0.0	0.24714464	10.975846	11.799335	11.518502	10.915584	11.042982	10.484538	10.401601	11.933585	11.074083	10.244363	11.304719	11.817653	11.31174	11.108558	11.197647	10.243629	10.7563095	10.5467	11.3525305	10.697825	10.826858	11.503898	4.7964115	4.622897	5.9275727	6.418085	5.86882	8.988516	8.637715	9.4951515	6.616176	5.968911	7.2911706	7.4852915	5.800592	7.0677733	6.864101	6.927523	8.136775	7.5156107	5.988574	6.4861665	5.0722675	5.2166243	7.245749	8.492784	5.6403713	9.001423	6.1707454	8.839066	8.22927	6.4112635	9.870024	4.045211	6.96121	6.716088	6.431063	6.095936	6.389115	4.906638	4.7584753	9.720746	7.302609	7.0707498	7.4845576	5.5030627	8.331276	6.8533883	6.3808126	6.2951403	5.1379375	6.8666606	9.305139	8.542352	8.021046	6.808002	6.636733	6.809004	7.4087152	6.419361	9.053722	6.841476	6.6943707	8.125856	6.4605145	9.441922	4.86595	5.7449265	6.7540007	7.9395013	8.751913	7.621451	7.078379	7.3971963	9.581851	7.1276217	6.43567	6.9626546	5.8358674
23	5.992893	6.031438	6.0723157	6.0670056	6.0261602	5.9684796	5.6251154	6.100854	0.3508763	0.55721295	0.59217227	0.5833723	1.3805584	0.58626133	1.5223509	0.39551008	0.48364443	0.11135099	0.5132641	0.4878784	0.42898428	0.24602698	0.24714464	0.0	11.153171	11.967392	11.700601	11.112233	11.223482	10.670779	10.585108	12.114562	11.265472	10.436159	11.504866	12.002129	11.502989	11.290905	11.376878	10.426178	10.926866	10.731636	11.541427	10.887069	11.01932	11.708701	4.7089486	4.7832365	6.022856	6.342521	5.996307	9.038493	8.688995	9.544278	6.8632493	6.092997	7.5382195	7.732287	5.947488	7.130993	7.0402727	7.04951	8.137547	7.605923	6.1579843	6.63331	5.2530746	5.3362274	7.492838	8.633508	5.695827	9.009524	6.103953	8.854229	8.295556	6.656701	9.963525	4.126079	7.207331	6.76945	6.396375	6.1358986	6.4675417	5.0122585	4.8292384	9.803556	7.3373785	7.115162	7.528369	5.5948467	8.3322935	6.9278975	6.3419814	6.218416	5.1914024	7.11261	9.307235	8.666432	8.137256	6.963689	6.883773	7.055249	7.551641	6.5338297	9.086623	6.935626	6.818891	8.227548	6.7076507	9.5457325	4.9708805	5.879933	6.85066	7.991344	8.783722	7.725626	7.050638	7.5535088	9.6762295	7.373325	6.5854816	7.10385	5.9766893
24	7.0984855	7.084512	7.066207	7.0541987	7.0290937	7.022051	6.927587	7.094934	11.483138	11.07913	11.164751	11.414152	12.490639	11.426466	12.603239	11.48424	11.458187	11.083987	11.61217	11.049472	10.826423	10.942903	10.975846	11.153171	0.0	1.0158958	0.63149756	1.3241789	0.21785374	0.7544502	0.69412357	0.9909916	0.9567941	1.1889768	1.6480381	0.97597516	1.0109051	0.35647008	0.25517252	0.80068403	0.47752735	0.64989436	0.8733601	0.8319214	1.0259224	2.0701807	15.49795	12.297395	14.369767	16.961678	13.6868725	17.62811	17.306835	18.076857	7.6396174	13.822983	7.930226	7.978422	13.201171	15.803103	12.930542	14.49628	17.709219	15.625721	12.701856	13.5885105	11.971996	13.448157	7.8839574	15.0601	14.813907	18.37197	16.657215	18.11442	16.677998	8.596396	17.397003	13.317229	7.1180563	15.691118	16.60391	15.3984165	15.00936	13.506881	13.941394	17.536423	16.471802	16.124645	16.476421	14.137391	17.879608	15.432098	16.599766	16.853622	14.4579935	7.088633	18.739658	15.573587	15.402878	13.5412445	7.9911003	7.1903586	14.273139	14.324084	18.00118	15.044718	14.2811	15.833463	7.7708454	16.793037	13.49276	13.446231	14.9303055	16.713715	17.758457	15.400374	17.119625	13.872835	17.143394	6.963379	13.4881735	14.036875	13.366071
25	8.102067	8.088837	8.071263	8.059025	8.032736	8.024212	7.9175873	8.100855	12.303066	11.92161	12.00897	12.254343	13.319996	12.266479	13.438182	12.309106	12.291071	11.893682	12.413757	11.888283	11.655661	11.764138	11.799335	11.967392	1.0158958	0.0	0.9850101	2.1529891	1.109329	1.7631019	1.7088993	0.8942602	1.7416486	2.1925213	2.3290918	1.1291676	1.6646508	1.1675997	0.94727397	1.802529	1.0536523	1.659736	1.4899185	1.7810926	1.9086181	2.6975784	16.382734	13.279608	15.353051	17.867897	14.679061	18.622051	18.299044	19.073397	8.655373	14.815421	8.943679	8.989974	14.1975975	16.787453	13.942399	15.497718	18.67534	16.62307	13.705482	14.592148	12.966338	14.429325	8.897794	16.074007	15.779451	19.347921	17.567284	19.092705	17.672825	9.611902	18.407822	14.26615	8.133842	16.668278	17.535934	16.363396	15.992321	14.479031	14.899691	18.544306	17.44696	17.101704	17.456968	15.114028	18.847315	16.418468	17.52892	17.758087	15.415846	8.104528	19.71454	16.585241	16.410486	14.549285	9.006966	8.206248	15.282688	15.318753	18.988783	16.037476	15.281159	16.838215	8.786188	17.804398	14.464034	14.438933	15.923013	17.701162	18.743637	16.402483	18.061497	14.884605	18.15338	7.97873	14.491949	15.04311	14.361396
26	7.439667	7.4230866	7.4021387	7.3910356	7.3703074	7.368344	7.307381	7.427433	12.027172	11.610679	11.695134	11.946698	13.028436	11.959106	13.137696	12.025567	11.994999	11.633839	12.16554	11.583267	11.36605	11.486829	11.518502	11.700601	0.63149756	0.9850101	0.0	1.1964862	0.48845333	1.0688683	1.1201355	0.42198256	0.7880378	1.4296372	1.3443505	0.34447896	0.6812113	0.4101839	0.376499	1.275028	1.0721619	0.98895836	0.50679284	0.9530254	0.9978811	1.7210989	15.996191	12.682544	14.750627	17.440882	14.048762	17.982634	17.665844	18.424297	7.89842	14.1841345	8.135408	8.1689415	13.552702	16.180626	13.222898	14.8318405	18.117857	15.972546	13.031868	13.917551	12.330443	13.834074	8.092807	15.335122	15.22548	18.763876	17.133068	18.502237	17.030844	8.859435	17.691998	13.753514	7.359399	16.082586	17.057583	15.810385	15.390319	13.909009	14.364448	17.845842	16.866283	16.51598	16.861002	14.531097	18.28565	15.805674	17.056566	17.334475	14.881208	7.3384304	19.133257	15.8648815	15.714933	13.853017	8.243588	7.442616	14.577118	14.679172	18.370369	15.403998	14.621155	16.156588	8.0391035	17.085268	13.896368	13.807108	15.289808	17.084042	18.132961	15.733014	17.561642	14.16481	17.44303	7.194085	13.816827	14.355784	13.720373
27	6.4543576	6.434442	6.410181	6.40036	6.3856273	6.3905616	6.37912	6.4307923	11.425978	10.972931	11.053474	11.310181	12.402868	11.322805	12.501464	11.415715	11.371187	11.053927	11.594828	10.952411	10.7543745	10.888174	10.915584	11.112233	1.3241789	2.1529891	1.1964862	0.0	1.1277034	0.84128696	1.0358791	1.5178343	0.41181225	0.7540865	0.47281218	1.2606846	0.5577084	1.0197238	1.2429248	1.1679469	1.7387044	0.89052814	0.7103979	0.5679859	0.31473273	0.8720305	15.2525425	11.73306	13.789662	16.649885	13.062904	16.980637	16.670033	17.412886	6.816759	13.196998	7.008446	7.0317926	12.554332	15.212175	12.157628	13.811091	17.19312	14.963659	12.0081005	12.890779	11.3442745	12.882607	6.9686446	14.250086	14.310755	17.812408	16.335382	17.545084	16.027971	7.777488	16.623314	12.88538	6.26464	15.134619	16.214382	14.895073	14.4282055	12.982204	13.471084	16.791683	15.921494	15.567044	15.901537	13.589687	17.356537	14.83233	16.219524	16.547337	13.986837	6.2513967	18.183838	14.7945795	14.6661415	12.806884	7.1544876	6.3572626	13.521449	13.68304	17.38716	14.412006	13.60621	15.11936	6.9657974	16.014494	12.971949	12.820432	14.298312	16.104141	17.157337	14.707335	16.695314	13.097553	16.379223	6.0910406	12.7898	13.316621	12.725214
28	7.0623503	7.047288	7.02788	7.016237	6.992927	6.987997	6.9078884	7.0552163	11.551225	11.139157	11.224058	11.47484	12.554755	11.487215	12.665238	11.550553	11.5215845	11.155922	11.6865425	11.110911	10.891571	11.01087	11.042982	11.223482	0.21785374	1.109329	0.48845333	1.1277034	0.0	0.6708825	0.66875803	0.8914662	0.74726665	1.0888435	1.4340585	0.823834	0.79306084	0.13970973	0.17542776	0.80902827	0.69259006	0.5730013	0.6571487	0.6766296	0.84073853	1.8545787	15.538683	12.281946	14.352788	16.99214	13.661618	17.60028	17.280853	18.04613	7.571686	13.797439	7.8435035	7.8867784	13.171473	15.784863	12.877156	14.460225	17.705048	15.594453	12.66322	13.549659	11.94495	13.433255	7.7984595	15.00057	14.810775	18.360313	16.685883	18.100931	16.64936	8.530567	17.345346	13.325573	7.0434265	15.678991	16.62118	15.395537	14.992515	13.499244	13.9435005	17.490362	16.461107	16.11251	16.461342	14.126056	17.874266	15.412103	16.618607	16.884954	14.460245	7.017032	18.728786	15.520272	15.35757	13.495511	7.921077	7.1197276	14.224495	14.296066	17.97959	15.018571	14.246845	15.792597	7.706491	16.74025	13.485793	13.420505	14.904237	16.692476	17.739126	15.363272	17.131174	13.819495	17.093489	6.884842	13.449147	13.994052	13.337561
29	6.3948946	6.3794827	6.3597403	6.348209	6.3254743	6.3212833	6.248062	6.386673	10.994079	10.567993	10.651588	10.904544	11.989666	10.917011	12.096361	10.990164	10.955988	10.606363	11.1412	10.542215	10.329649	10.453987	10.484538	10.670779	0.7544502	1.7631019	1.0688683	0.84128696	0.6708825	0.0	0.19483742	1.4903089	0.6883286	0.43542072	1.2919652	1.3377657	0.8985284	0.673242	0.84591806	0.33762014	1.0179578	0.104711615	0.88810015	0.29320267	0.5446917	1.709122	14.935216	11.623233	13.69292	16.374762	12.997576	16.9349	16.616259	17.37962	6.9019504	13.133255	7.1807523	7.2269645	12.505595	15.124161	12.206298	13.792114	17.05326	14.927847	11.994483	12.880828	11.28027	12.7747135	7.135049	14.329861	14.160124	17.70331	16.066372	17.442804	15.9837	7.8604946	16.674534	12.684994	6.375381	15.021918	15.988778	14.744998	14.332661	12.845465	13.297222	16.820055	15.804882	15.455389	15.802385	13.46967	17.221603	14.750487	15.987875	16.268682	13.813993	6.3481045	18.07226	14.849408	14.687399	12.825313	7.2518187	6.4505615	13.553927	13.630783	17.316996	14.3540325	13.579292	15.123227	7.03616	16.069397	12.832495	12.75627	14.239739	16.030134	17.0777	14.694832	16.492914	13.148634	16.422785	6.218165	12.780275	13.32433	12.672145
30	6.407677	6.3933516	6.374709	6.3628087	6.3382683	6.331959	6.244374	6.4030437	10.910583	10.491507	10.575801	10.827646	11.910222	10.840067	12.018862	10.908254	10.876678	10.519203	11.0521755	10.464439	10.2484045	10.370286	10.401601	10.585108	0.69412357	1.7088993	1.1201355	1.0358791	0.66875803	0.19483742	0.0	1.5401917	0.85936046	0.5585717	1.483658	1.4180982	1.0544926	0.71043575	0.84092677	0.1694618	0.87392455	0.17228824	1.0205976	0.48060703	0.7363274	1.9025512	14.877846	11.617186	13.688639	16.327026	13.00102	16.941101	16.620708	17.388563	6.9466915	13.136989	7.244344	7.295499	12.513204	15.121227	12.23655	13.80587	17.037428	14.937151	12.010569	12.897184	11.2852	12.768345	7.197423	14.366006	14.142938	17.69448	16.020212	17.435656	15.990596	7.903017	16.703188	12.656817	6.427003	15.013252	15.953026	14.727667	14.328332	12.832271	13.274995	16.843414	15.7949705	15.446782	15.796564	13.460052	17.206871	14.749165	15.950681	16.220139	13.791731	6.396659	18.062735	14.879619	14.709988	12.84824	7.2986064	6.49811	13.57966	13.63691	17.317385	14.3584585	13.591325	15.141616	7.07729	16.099117	12.818669	12.760135	14.244082	16.030094	17.075964	14.709637	16.462496	13.178854	16.449776	6.2738094	12.796793	13.344499	12.678641
31	7.848538	7.831477	7.8100367	7.7991138	7.7792253	7.7781963	7.7226634	7.8346477	12.441974	12.027992	12.112656	12.363855	13.444653	12.376247	13.55457	12.44098	12.411352	12.047175	12.577956	12.000173	11.781783	11.901618	11.933585	12.114562	0.9909916	0.8942602	0.42198256	1.5178343	0.8914662	1.4903089	1.5401917	0.0	1.1321322	1.8408543	1.558603	0.27633068	0.9634884	0.82980174	0.7465737	1.6924517	1.3666635	1.4109356	0.8089495	1.359371	1.3689922	1.8773378	16.417492	13.097333	15.164495	17.862844	14.459482	18.391476	18.075584	18.831678	8.287976	14.5947	8.508931	8.537678	13.961557	16.593807	13.618475	15.237216	18.535414	16.380093	13.436409	14.321687	12.74083	14.248833	8.467536	15.725522	15.643557	19.179115	17.55505	18.916876	17.43946	9.249333	18.087269	14.174042	7.744693	16.49795	17.479065	16.22847	15.804135	14.32603	14.783805	18.24473	17.282024	16.93129	17.275257	14.946922	18.702871	16.21823	17.478182	17.756418	15.300553	7.726109	19.548725	16.25953	16.114815	14.25322	8.631096	7.8308544	14.975266	15.088528	18.781921	15.814048	15.027515	16.558989	8.431054	17.479925	14.313579	14.21768	15.699915	17.495909	18.54546	16.13761	17.98245	14.560031	17.839533	7.5765305	14.220899	14.757547	14.129731
32	6.7594495	6.740939	6.7180715	6.7076883	6.690368	6.6923594	6.659982	6.74072	11.584317	11.144602	11.226699	11.481697	12.571161	11.494251	12.673839	11.577292	11.5379715	11.203947	11.741932	11.12146	10.916002	11.045046	11.074083	11.265472	0.9567941	1.7416486	0.7880378	0.41181225	0.74726665	0.6883286	0.85936046	1.1321322	0.0	0.8300144	0.6965322	0.891458	0.23780733	0.6263034	0.8437773	1.0211569	1.4039938	0.68871033	0.32972592	0.40585053	0.258178	1.1237243	15.467139	12.02697	14.08898	16.883135	13.372174	17.297422	16.98423	17.733614	7.1644588	13.506833	7.377279	7.405555	12.868609	15.514917	12.500053	14.13501	17.47876	15.282904	12.332809	13.216994	11.653074	13.1777725	7.336125	14.60147	14.591629	18.108854	16.5711	17.843761	16.344946	8.125828	16.967943	13.147207	6.617993	15.429059	16.467686	15.176365	14.728173	13.2674465	13.743153	17.130156	16.214855	15.861984	16.200802	13.881028	17.643955	15.136966	16.470432	16.77907	14.2595005	6.6011844	18.47953	15.139659	15.002021	13.141259	7.5057535	6.706352	13.86004	13.996716	17.696344	14.724164	13.92766	15.450442	7.3098187	16.359945	13.256228	13.129963	14.610238	16.411734	17.4634	15.0335045	16.957788	13.441033	16.721739	6.4481378	13.1160965	13.648159	13.038215
