	0	1	2	3	4	5	6	7	8	9	10	11	12	13	14	15	16	17	18	19	20	21	22	23	24	25	26	27	28	29	30	31	32	33	34	35	36	37	38	39	40	41	42	43	44	45	46	47	48	49	50	51	52	53	54	55	56	57	58	59	60	61	62	63	64	65	66	67	68	69	70	71	72	73	74	75	76	77	78	79	80	81	82	83	84	85	86	87	88	89	90	91	92	93	94	95	96	97	98	99	100	101	102	103	104	105	106	107	108	109	110	111	112	113	114	115	116	117	118	119	120	121	122
0	0.0	53.279137	50.351025	56.617256	55.00411	70.77037	100.50985	56.507336	117.22466	97.70797	90.8044	139.24072	161.03088	64.12679	166.25641	62.049694	135.79294	117.31531	162.81512	100.50291	85.86061	190.48868	161.43338	118.26826	160.20467	130.36694	127.763145	92.118965	98.139595	146.54582	187.23685	123.60717	167.65611	175.35927	162.06517	150.242	192.59735	147.87161	89.164024	127.56955	168.60114	151.17047	109.69577	187.73978	136.47281	167.152	183.86143	171.95256	158.6098	151.16924	122.46414	185.18404	182.71898	157.28998	100.72832	124.30871	217.97125	92.590454	144.15628	209.53299	214.17674	163.96342	177.34335	176.40414	197.28671	192.95271	182.93265	168.44472	104.930756	220.17342	167.5071	222.67638	138.18242	172.48878	205.5655	68.07231	230.34404	197.74681	96.97651	210.91049	173.53691	188.5487	155.31601	169.93954	237.73367	190.36945	128.67822	124.60224	152.95001	131.15659	164.57697	142.2471	188.62303	182.46498	198.0146	108.29367	237.41878	202.24751	198.23921	114.751465	124.61152	127.92566	213.6715	225.95775	218.51796	225.21829	191.23854	203.5365	56.52542	185.05247	200.53806	171.1953	229.29364	162.6169	203.74487	135.78062	170.48724	159.51184	186.95982	111.898125	145.08414	111.47441	113.791954
1	53.279137	0.0	61.39618	87.36892	105.86858	107.09727	64.85294	50.13358	135.2224	78.017914	124.00617	147.53893	151.35217	79.01295	171.10466	64.294975	130.34267	123.55675	196.38803	106.4865	93.124374	167.03	128.28629	98.699036	177.22145	117.24825	116.6877	93.70554	108.041695	136.94186	171.94588	137.62303	183.7585	175.64896	169.6954	158.1169	195.76178	120.41167	72.01688	85.88011	141.18219	140.54811	80.12096	187.27751	142.6074	172.42264	193.03947	148.48083	196.85402	186.64647	172.79085	213.04689	210.76086	208.95535	133.91942	172.24384	202.84535	128.43004	184.6298	249.46573	247.86342	196.03227	217.94418	223.15086	219.04271	229.07405	184.15253	155.40858	104.242226	262.1176	191.42725	268.67114	185.20525	167.48592	246.47368	113.15458	282.04254	220.84404	130.7275	262.52127	221.38759	217.85075	180.02165	120.41206	284.61414	243.31818	97.80201	112.47799	196.14082	80.3746	150.52216	111.11488	231.12442	206.9989	230.4371	134.0525	287.00204	219.12964	188.15593	167.31726	140.646	126.629906	256.80875	176.0418	256.81552	269.69333	241.87607	245.20659	102.41627	234.83917	231.19249	218.35919	278.76404	207.72029	250.29608	176.96034	204.03117	196.42552	239.24019	132.77135	100.4942	161.95726	148.7326
2	50.351025	61.39618	0.0	57.903316	73.27625	51.227707	124.43204	53.36608	157.0732	129.3538	123.77542	164.71277	193.42969	107.442566	196.80305	104.52679	168.98854	162.45879	158.00323	136.77916	108.436295	196.94046	175.6695	135.46373	139.3196	84.6701	138.60585	68.52863	104.06178	119.575455	166.68251	89.28469	165.31319	141.4314	158.80577	161.22711	172.82217	133.24944	89.71896	124.041664	135.1281	144.09433	82.71394	181.4938	123.443756	121.10962	232.72131	135.04495	138.2366	195.2807	127.94802	200.27766	184.99597	176.86758	129.82205	164.97911	178.54907	88.79139	129.96518	206.57103	187.76732	192.59254	188.09654	179.25023	161.4155	227.20987	148.96925	208.39369	60.586605	212.96007	214.60973	241.37872	148.77106	125.21352	238.94212	114.2021	254.7404	236.38004	141.91583	233.94029	211.55452	166.88367	118.76188	150.20676	246.8766	215.83926	113.68913	105.64481	190.47339	117.84086	163.68506	101.31007	232.72868	228.96024	243.1076	78.59201	273.14716	162.70068	148.01657	140.9934	104.754326	171.6876	201.59702	226.27078	224.60739	263.03195	196.04793	227.46208	87.19079	206.84901	180.25989	166.70105	231.03804	189.69968	241.22145	129.38788	219.51633	174.18063	203.37517	161.77449	157.89223	143.53256	121.86455
3	56.617256	87.36892	57.903316	0.0	48.994106	63.484535	143.77956	49.149628	117.50613	121.73565	74.32998	119.4714	216.35864	85.97366	222.03305	111.94523	140.72906	141.26105	184.30925	156.30713	70.342575	242.55847	211.95802	115.41387	182.69612	137.43417	181.1795	123.01306	145.96631	176.41623	223.4478	134.30786	206.62888	193.83426	113.5679	200.69504	224.20409	187.95096	136.99512	169.15378	191.94344	196.24664	138.05806	231.23029	173.20653	160.60486	219.97101	145.51978	128.51369	153.99747	107.76816	142.6195	130.73203	138.12569	146.43962	142.26823	233.51434	115.17241	137.69316	162.15744	196.10692	207.19928	134.47586	140.08675	188.09024	174.43425	135.2244	198.32138	77.919754	222.22267	210.38345	190.4914	152.54059	142.18399	238.28333	91.01829	237.33907	245.95023	140.86006	193.62035	174.03427	137.4993	130.38046	193.46222	248.3357	189.63455	113.37409	89.81111	184.23923	144.48479	134.55255	137.21643	198.71202	191.23578	235.55054	66.90885	243.27376	162.15254	185.39032	124.24208	69.88346	175.29459	179.58943	261.25912	242.15025	218.34264	169.39302	233.62502	94.744255	199.26653	205.92337	157.02718	220.2617	138.57434	224.49403	92.56766	195.03851	192.55342	187.4255	150.9632	167.29073	104.99152	65.431694
4	55.00411	105.86858	73.27625	48.994106	0.0	50.80258	154.31577	87.593025	125.624146	140.5616	79.93224	145.71152	203.1947	93.21028	197.32896	108.10268	161.75706	144.0054	147.41875	138.10397	102.02599	235.35367	213.45041	150.2892	160.75787	151.34169	168.82597	117.151825	125.392105	172.49394	217.77374	125.06464	177.34447	186.97318	154.47296	174.80658	207.01709	189.93597	133.94022	179.20322	202.5403	185.00937	149.9777	211.45097	155.22513	165.59816	207.2796	189.57845	115.1423	138.46889	69.9918	158.69908	150.72604	105.81256	109.123985	101.55228	238.24629	82.81879	107.771034	160.76111	178.13985	165.29376	132.99529	122.53583	177.36873	167.615	174.77873	205.99634	111.66042	184.39923	180.65784	175.38869	106.250755	173.20535	191.74376	63.421516	190.61919	209.90836	108.284805	161.87408	140.85478	149.79407	129.55392	218.06284	202.10156	146.16074	158.98106	138.66664	139.4058	177.84581	180.19505	171.22426	167.68008	182.35075	198.34473	83.72926	202.74763	177.60387	205.77655	76.08898	108.44166	166.0845	162.51788	280.5271	198.02501	193.2147	137.02286	185.77274	57.487156	150.5327	177.8933	122.932594	181.2411	122.364944	179.54005	87.175026	167.43323	148.7515	141.84567	132.878	194.84256	71.55787	80.56137
5	70.77037	107.09727	51.227707	63.484535	50.80258	0.0	165.337	91.944305	169.43376	165.13107	124.7756	181.37852	217.35873	128.46986	208.38086	130.72311	196.13692	183.13866	125.61381	154.16705	130.98566	225.53279	213.22151	171.41719	123.15719	108.57203	161.66667	84.83112	112.6792	135.73647	184.92184	78.17604	156.03134	142.12569	169.20107	166.01398	171.49286	165.6377	121.18559	167.21341	165.94862	162.53406	122.568214	187.46147	125.89389	114.92426	247.0784	167.31691	92.38529	189.19333	80.71858	192.39745	172.28421	138.75638	121.1561	144.29955	192.67268	60.660614	81.31221	172.78194	144.33926	177.9538	162.25043	138.0183	131.30724	215.42384	156.04135	238.59888	81.77751	166.55687	215.67877	209.75252	107.90571	135.84491	214.88852	109.29757	213.91972	232.73215	140.04146	195.87512	187.03105	139.19664	86.78847	198.50536	202.64574	176.19542	156.01991	135.66728	169.46495	168.89223	193.14326	141.76073	215.60423	231.82224	233.75023	58.030815	241.52383	142.86594	159.01643	106.3957	104.89986	194.40712	154.6605	274.5034	189.50684	240.54993	147.70103	197.84813	75.86771	167.66913	143.05061	115.51165	180.4741	165.97429	213.9783	92.82666	213.73746	147.78368	158.36086	171.5219	204.90685	118.58929	108.53502
6	100.50985	64.85294	124.43204	143.77956	154.31577	165.337	0.0	107.447784	142.49925	63.128773	154.19472	165.03206	105.25424	92.38342	143.87056	58.015472	122.99782	106.08634	232.81969	87.285614	124.09724	141.11998	83.59508	109.530525	216.5643	169.1194	107.44189	136.77942	127.63116	168.87518	188.34172	189.47902	203.77739	216.59596	213.54492	159.67401	222.40234	129.58609	88.55137	78.25032	170.12215	149.24501	115.84445	196.96371	170.34508	229.69456	155.80753	198.41072	256.61154	194.1389	221.37614	249.10156	257.86038	248.57213	147.05711	188.98584	239.03705	172.04173	237.38858	302.8358	305.88077	199.12503	262.77466	273.99484	275.99945	247.74348	243.52907	110.1702	168.11668	306.52054	169.36157	306.39737	221.84125	228.71645	251.24307	134.92653	307.48874	201.59259	131.83679	296.60883	239.71588	279.3558	242.65785	126.14716	317.2308	273.00372	135.66301	162.64668	204.53033	97.71178	179.67247	159.50098	236.83516	198.96373	216.86331	197.5507	302.29703	283.97208	243.65927	200.12627	199.73732	84.414	313.9604	138.68875	283.90787	284.78992	289.52216	259.41602	134.52402	261.64343	278.53607	269.01895	323.56537	240.08182	259.5562	233.3236	195.46399	217.86476	274.7787	116.46278	72.21239	194.1366	197.37885
7	56.507336	50.13358	53.36608	49.149628	87.593025	91.944305	107.447784	0.0	120.154175	90.40928	96.714264	117.89432	195.97748	77.53603	212.44139	94.80021	122.2719	130.22652	206.29195	144.85211	61.747368	216.04958	178.00035	83.37054	191.97923	123.4746	162.45792	115.674034	141.17398	163.75067	206.37988	142.3213	211.24768	191.41663	121.45646	195.80623	221.87723	161.10364	115.093925	132.22426	166.78993	180.36	109.90241	223.46544	170.35445	166.28741	212.67247	121.897514	169.52756	174.43866	152.95782	170.51111	163.4731	184.50494	156.68842	170.64204	219.96185	134.9761	173.02498	207.41536	230.27446	220.21227	177.64899	189.05617	209.64685	202.48282	141.08244	174.0283	74.64811	257.49652	214.40665	234.61987	185.42986	140.4537	261.07782	110.64381	276.69083	250.71805	149.50497	238.90965	208.51025	174.973	157.48973	149.8464	284.5426	231.37291	73.74223	69.905716	207.07872	96.26003	114.286804	106.26973	225.31807	200.66954	248.50807	98.87841	279.42157	185.48634	178.62474	160.80086	92.490845	158.70258	225.63863	215.17422	268.10712	251.9231	217.49818	258.73895	111.83906	234.73213	231.26024	200.48567	264.25595	178.48692	253.92896	140.08867	209.58722	212.84262	229.36342	150.12383	121.727234	143.72177	106.352036
8	117.22466	135.2224	157.0732	117.50613	125.624146	169.43376	142.49925	120.154175	0.0	87.52086	54.18934	56.770496	200.53366	59.40918	221.4463	109.82148	57.865772	56.089943	261.61057	158.18484	66.00235	271.0279	221.36414	93.08499	273.88077	238.91446	217.40367	208.80695	203.54584	261.64548	298.11765	238.09227	272.47192	292.45435	142.23056	243.42442	307.27643	249.83904	191.15057	210.37672	275.47308	256.68115	214.24371	293.86096	249.87991	274.7836	135.5856	226.5211	229.28113	75.433	179.41476	128.19154	158.99904	165.48872	177.48254	131.81638	331.57373	197.64285	232.37923	215.66203	300.42615	224.93507	157.65018	196.62544	300.11725	110.17576	225.5195	117.29746	187.12904	302.1167	165.00726	190.44818	213.12184	250.87521	239.0476	89.22996	253.50676	228.10625	133.4434	199.55722	142.77974	227.31432	245.20346	244.78761	299.81177	204.45532	159.86528	154.84117	182.46149	186.3777	140.8699	224.14796	142.75194	84.95674	196.09775	181.45917	219.72673	273.49857	296.36017	159.39018	160.96184	130.907	261.3982	271.53247	299.94473	166.14879	226.71274	258.43594	143.83862	230.35243	302.11215	236.33014	283.47565	125.091965	209.3128	175.29402	127.07047	240.4054	227.39954	99.399055	154.85028	113.99297	116.60622
9	97.70797	78.017914	129.3538	121.73565	140.5616	165.13107	63.128773	90.40928	87.52086	0.0	109.89789	104.23191	149.74199	54.4392	185.44435	67.46933	60.71533	62.788242	255.04443	120.60043	74.70795	203.31569	145.61406	57.014397	248.02017	194.04095	161.7621	168.37453	165.9986	211.49446	240.33922	211.96745	243.32037	252.5539	166.74696	205.32986	266.41122	183.61418	134.68924	134.36299	213.14772	201.99231	154.03532	247.72247	210.90999	247.55196	141.70302	190.10307	247.7106	152.27383	209.43892	195.83765	211.86086	222.25351	167.43767	173.6896	279.02335	187.71078	241.20508	268.462	309.2787	221.94524	221.43402	246.80092	289.9106	197.05359	221.72449	84.60732	163.9073	316.02902	173.13824	265.52466	227.91243	227.2448	259.9552	115.630424	299.3138	223.40831	136.40736	267.0398	210.207	254.6101	243.33974	165.65622	324.22263	256.6811	115.64084	135.30922	206.30994	112.583336	133.33095	171.83842	208.05522	153.98412	218.17937	185.05742	281.5249	275.3188	259.58374	191.2804	171.55313	95.92532	297.41342	184.1049	304.5169	246.08951	272.0609	273.23865	140.7403	261.56863	297.17084	263.25027	318.46942	199.40549	251.86351	209.41013	173.54308	239.2633	266.97375	105.30021	71.44554	167.09593	159.56308
10	90.8044	124.00617	123.77542	74.32998	79.93224	124.7756	154.19472	96.714264	54.18934	109.89789	0.0	73.06942	214.99263	63.266678	225.08136	112.62391	100.28947	96.682144	223.91429	159.82275	56.303707	271.362	231.03203	108.04883	237.97253	207.74039	210.50392	180.52263	183.28398	235.87808	277.9865	199.34143	246.45546	258.77655	118.32963	229.07458	278.71292	236.85452	177.68793	207.24184	254.37746	240.64647	195.20844	274.38788	223.30812	233.19902	173.22249	202.64616	175.85863	84.85203	129.45705	104.30547	121.24764	121.42827	158.46089	111.69794	302.0628	159.95166	183.71399	167.07593	248.47604	210.10696	114.27888	145.47218	252.38626	106.65347	188.08067	162.67966	150.07416	256.35782	178.23253	156.03633	173.75235	212.388	224.4796	67.13021	222.8768	231.09169	126.8889	164.31035	125.12559	176.1174	195.37209	240.38051	261.5823	170.55394	150.11217	132.09363	167.01009	183.87047	139.12251	201.35829	142.11473	120.530365	201.81638	132.65265	203.0754	224.22102	259.4428	121.98056	117.95184	154.61278	207.84161	286.04288	265.90604	158.50648	177.56192	234.77512	114.68796	197.51685	257.1667	185.96478	236.676	91.73142	194.77267	121.21492	141.30595	212.05522	187.42125	116.31365	174.86461	74.69193	65.94247
11	139.24072	147.53893	164.71277	119.4714	145.71152	181.37852	165.03206	117.89432	56.770496	104.23191	73.06942	0.0	242.93336	92.24667	267.9183	145.56859	62.15038	101.603905	291.14056	200.84122	57.117092	301.29898	248.42949	74.68723	295.92612	240.777	249.76715	226.47983	234.60687	277.9977	317.85898	250.9435	305.44318	306.00336	96.77434	281.08627	330.7908	267.84354	214.73384	226.40166	282.40012	283.14023	223.74004	324.3025	275.27194	275.61624	186.59613	197.9053	232.68611	120.39522	198.62547	101.972786	130.91713	186.67339	219.81354	178.26917	337.85	223.13829	249.101	205.17064	307.6111	272.9252	151.14793	201.11644	306.6267	124.740776	193.21811	147.26231	176.27579	326.60587	221.04387	196.20827	245.66399	231.79425	289.75546	131.66154	292.302	282.17438	182.98311	222.43724	182.21742	210.30891	244.61652	244.41487	334.6345	239.0453	134.24365	124.583565	232.28012	178.8786	92.782	211.49402	189.70474	128.76419	252.26546	175.77422	261.39648	257.89258	286.18304	194.89851	138.21895	176.58977	263.87344	279.2408	337.07346	197.76715	242.76369	304.34137	178.34242	269.86197	321.66855	253.731	306.44955	140.98967	258.26834	174.25397	182.23407	280.45212	259.3332	153.27238	154.79477	145.43488	108.32726
12	161.03088	151.35217	193.42969	216.35864	203.1947	217.35873	105.25424	195.97748	200.53366	149.74199	214.99263	242.93336	0.0	157.93513	58.227356	107.76364	196.90877	151.24269	229.45909	66.05984	208.0538	106.08155	80.17983	205.68361	226.6579	230.5375	91.1472	175.37007	131.0356	195.14662	195.32677	227.45332	182.41208	242.58302	304.31836	121.43287	220.00685	154.98286	123.5064	130.3946	216.16638	144.97527	175.57388	172.53185	175.50537	282.23965	135.0968	295.7208	304.48294	220.14935	254.49078	318.34555	331.9925	278.57922	131.51794	192.09688	274.5067	193.5151	266.09586	361.10513	340.76965	150.38696	319.64105	319.3944	313.3949	288.2402	334.43356	144.07253	249.67433	310.1947	119.928894	346.60712	224.81126	310.7344	204.42093	166.49506	293.18295	124.8035	121.464775	317.19235	249.85803	348.61945	297.28262	198.71881	301.01117	275.9933	239.17372	260.80405	177.2036	196.10747	279.76373	246.76195	234.90485	219.89487	164.75758	266.1661	290.05026	353.9552	311.92484	212.85786	282.97006	73.570076	356.95416	180.35463	257.59595	298.1053	317.3135	219.78423	156.69035	248.04033	290.94797	294.76474	333.41513	280.4843	231.97026	290.36206	182.42593	192.41551	277.5014	117.861	168.07718	225.45728	265.31387
13	64.12679	79.01295	107.442566	85.97366	93.21028	128.46986	92.38342	77.53603	59.40918	54.4392	63.266678	92.24667	157.93513	0.0	177.58966	54.886036	76.14652	56.58654	218.14673	109.330025	54.8952	215.73514	169.9776	81.60457	222.27054	186.57738	160.53154	152.41125	147.50421	203.72614	238.93488	187.674	220.10025	237.60136	151.68025	190.11656	251.04971	190.64099	131.79211	153.61993	218.36588	197.97685	156.95627	237.07738	193.63072	228.12122	138.0783	196.12912	205.26373	110.6345	159.10596	162.75612	177.72292	168.3494	133.44664	123.1618	275.65558	151.37541	198.45801	223.81274	269.34946	188.78366	175.99095	196.86119	258.88077	157.07524	208.09837	114.72105	148.58159	270.96042	149.38478	216.37581	181.34232	216.04095	219.0831	63.372375	247.28264	200.3644	99.83198	213.42326	159.43486	218.2601	210.61469	193.74512	275.97925	202.89905	131.69098	133.44664	162.6739	142.22078	143.3469	179.1246	163.43057	128.69943	186.30135	152.35115	231.54732	247.80974	251.54962	139.27052	145.80403	99.51467	250.19705	227.42995	263.83676	199.9033	219.57516	231.11201	99.215385	211.72331	260.5769	214.4142	267.11386	149.50032	205.14223	164.43053	138.223	201.07446	214.26396	79.552475	122.77383	112.73792	117.83719
14	166.25641	171.10466	196.80305	222.03305	197.32896	208.38086	143.87056	212.44139	221.4463	185.44435	225.08136	267.9183	58.227356	177.58966	0.0	127.42333	231.35619	179.98708	190.26253	69.69852	229.44164	112.915	118.71125	239.45375	197.01257	230.86354	86.278435	167.02136	111.79654	184.40709	183.345	211.19974	142.28204	224.39409	322.55594	83.36721	191.53151	159.7175	127.96067	154.65932	219.94775	130.99544	184.34338	141.9122	151.59283	271.29526	159.57047	315.24365	287.3057	225.62341	235.02335	328.74875	338.6019	262.50867	101.02597	175.24207	266.15573	170.23083	240.26701	353.39563	314.30585	100.77228	317.26566	305.58627	290.44745	293.87494	344.67523	189.65677	256.30658	270.21588	109.442474	337.98123	190.63539	315.78754	159.7391	165.00427	255.84906	83.334045	108.444115	298.3434	236.9142	343.61148	283.73352	227.2626	255.19131	248.04956	267.11185	281.33188	144.12895	228.30347	309.59827	263.10373	225.17123	235.04726	139.84242	263.31476	264.34753	347.5572	311.5698	189.83582	290.53903	107.625305	336.4258	225.34569	207.64153	290.14807	293.21088	170.43805	142.39536	209.11084	255.97365	267.34506	297.82983	276.4526	199.7588	282.05353	179.29164	146.40912	244.19691	129.16505	213.78203	216.2977	269.06064
15	62.049694	64.294975	104.52679	111.94523	108.10268	130.72311	58.015472	94.80021	109.82148	67.46933	112.62391	145.56859	107.76364	54.886036	127.42333	0.0	115.71557	80.36427	195.371	58.158554	103.072624	162.3173	120.847595	115.12067	194.20978	170.1814	108.01943	123.88845	105.64746	168.8976	196.5297	169.76825	180.55325	209.32623	198.01015	141.83058	212.87738	147.98521	88.74556	113.24409	187.49843	151.09981	128.26224	190.46423	155.78406	218.15576	132.54424	209.84517	218.42108	146.338	172.06552	215.30844	225.45627	194.68193	101.24705	131.07042	247.0941	133.92148	196.75081	261.0725	270.86417	156.0248	219.1988	226.52626	251.25233	203.38063	234.90196	116.78838	158.28232	262.5382	128.50824	256.48154	172.2018	225.1448	200.61589	78.58895	250.46838	165.73604	77.85896	240.99895	183.63057	247.96555	215.73085	168.66922	266.62476	215.45726	150.29408	161.52457	150.1071	134.13771	183.08118	175.22629	183.2246	161.16943	170.67285	169.84892	245.01743	263.37485	245.51602	144.27588	178.19275	67.44259	270.28644	195.2278	240.86603	232.12112	238.03078	210.21117	84.29372	206.76743	245.28894	221.73224	272.39804	189.93398	203.61661	192.35771	146.71077	174.19803	219.47853	70.69612	118.0278	139.41458	159.7659
16	135.79294	130.34267	168.98854	140.72906	161.75706	196.13692	122.99782	122.2719	57.865772	60.71533	100.28947	62.15038	196.90877	76.14652	231.35619	115.71557	0.0	60.029034	294.16586	168.04578	73.26155	262.32492	203.32487	57.99755	295.04883	241.14217	219.1867	219.15198	217.82019	266.44473	298.71613	255.88841	293.09314	303.34918	148.6866	257.54523	320.17673	243.26126	192.13419	194.61064	268.6027	260.04486	209.1052	303.73715	263.5898	287.92883	143.26494	213.2249	265.46545	129.58464	224.40236	162.18936	190.22334	219.74728	206.36998	182.12729	332.03223	226.43771	268.9618	258.10175	335.09616	257.14273	203.59944	244.52638	325.29147	160.61702	230.53192	86.88165	193.75842	343.98596	191.52612	243.43175	255.17386	254.49318	281.48056	131.50401	307.4762	253.62149	165.15335	256.69836	199.75061	257.54388	270.6102	218.7418	347.21442	259.85696	137.3695	147.26128	225.87784	158.18959	118.416	212.20972	195.31421	121.08024	231.78076	205.14929	275.29446	293.75705	298.47147	207.44055	177.7651	130.39456	304.88675	233.60954	338.90308	221.22272	277.44293	300.49588	175.28693	279.52725	334.12924	280.94128	333.1366	180.41801	259.36328	214.67293	168.72598	275.70132	279.26422	123.49064	111.30406	167.65565	153.51997
17	117.31531	123.55675	162.45879	141.26105	144.0054	183.13866	106.08634	130.22652	56.089943	62.788242	96.682144	101.603905	151.24269	56.58654	179.98708	80.36427	60.029034	0.0	259.8231	121.34366	93.97718	230.68034	177.74986	99.83615	268.46057	238.0152	184.36066	199.88385	183.88205	247.67839	276.3439	239.7794	255.27414	285.97263	186.4034	215.4735	292.19363	224.82938	168.14888	181.29755	261.14734	230.88942	200.50417	269.0692	234.64375	283.11575	91.30987	242.20868	257.44385	101.297195	203.82603	184.06131	211.75165	199.63853	160.68173	138.62437	322.7862	198.31085	248.21448	263.43848	321.77277	204.45631	208.02138	237.18762	313.1747	156.22037	257.892	68.63604	203.60179	313.8775	131.55437	237.66466	219.60536	270.2795	227.29306	95.24765	266.55014	194.68729	113.08531	234.57724	166.1547	268.18903	266.45813	224.33224	307.48242	225.12917	169.81502	178.24815	174.1186	174.4683	168.68443	226.5871	154.7659	94.32303	173.21524	207.95058	234.9924	303.25577	305.4631	172.37614	196.46635	79.23989	296.93173	234.04047	296.26852	196.23964	258.39825	250.27579	140.48222	237.34131	308.87466	259.6097	305.51794	169.71358	209.81389	212.67973	117.12093	231.13527	245.05966	64.84502	129.02634	142.11893	160.94298
18	162.81512	196.38803	158.00323	184.30925	147.41875	125.61381	232.81969	206.29195	261.61057	255.04443	223.91429	291.14056	229.45909	218.14673	190.26253	195.371	294.16586	259.8231	0.0	177.12439	242.97154	220.40096	242.46869	280.75238	66.72223	169.86824	165.04646	122.51625	112.61187	140.02155	168.04863	101.878876	77.414536	127.621506	292.9554	124.553795	115.13539	185.31752	159.0682	215.33148	197.9327	148.57689	179.6344	133.36227	97.83167	153.6989	288.12097	277.88068	147.51552	254.6357	128.36905	297.91772	281.02472	186.55383	111.73521	171.52042	196.06425	71.54336	84.80912	251.38855	138.15227	124.511696	250.51837	200.66994	127.04441	293.1308	270.7579	309.04483	195.38272	89.072914	222.38882	272.27753	70.263084	230.97968	163.12341	175.3225	178.26443	199.64995	162.94818	227.09267	223.06442	230.82701	147.50977	264.3466	119.474266	175.93509	271.60388	258.89752	151.87738	261.31558	316.0673	234.7148	246.83072	297.51486	221.70282	172.70934	239.40637	219.7281	218.9098	127.80483	227.67517	237.23375	190.37154	327.89847	74.46158	283.45584	168.80563	122.08826	120.09775	123.27067	69.40211	118.34468	145.28787	238.41255	193.85507	183.70718	244.64189	65.080986	136.75795	217.34297	293.63892	181.22534	219.03967
19	100.50291	106.4865	136.77916	156.30713	138.10397	154.16705	87.285614	144.85211	158.18484	120.60043	159.82275	200.84122	66.05984	109.330025	69.69852	58.158554	168.04578	121.34366	177.12439	0.0	159.98909	127.478195	104.23985	172.16841	180.11389	186.7008	73.92322	126.662796	83.53842	160.93697	177.12427	174.39368	146.99126	202.7834	253.24513	96.94219	189.29594	138.11275	85.474915	117.80864	190.5815	124.66723	140.7746	154.54832	135.96326	231.36162	134.26791	253.93898	239.56145	175.17564	188.67099	264.0944	273.3972	215.65073	73.800285	136.26886	244.86815	132.578	203.22203	296.64706	279.49878	114.031525	258.14926	254.06972	257.45776	239.68913	280.70343	144.69254	196.08656	253.18939	102.89025	286.93796	164.34587	259.78452	168.7981	106.03968	241.05765	118.10646	65.45606	257.91553	197.6909	284.97754	236.44063	187.26181	248.88722	218.35858	201.60912	213.83133	129.93683	172.13365	240.70184	208.64035	192.1924	188.93497	143.52805	204.45448	243.55548	294.114	267.02994	149.93234	224.92105	65.373634	291.0588	202.29163	212.39429	250.95232	252.59589	178.38065	90.7935	193.61844	236.8545	230.35875	272.2801	222.38158	189.05135	225.17319	149.57158	144.33171	217.82033	80.417206	158.5724	164.08432	204.5883
20	85.86061	93.124374	108.436295	70.342575	102.02599	130.98566	124.09724	61.747368	66.00235	74.70795	56.303707	57.117092	208.0538	54.8952	229.44164	103.072624	73.26155	93.97718	242.97154	159.98909	0.0	253.56247	206.02617	55.06859	241.7141	184.96701	199.7919	169.87335	181.9978	221.01755	261.64972	196.02066	253.49843	249.398	98.14096	231.68396	274.90012	213.29977	160.73508	175.98392	226.60905	228.80821	167.71542	270.48914	220.08362	222.65811	184.01878	160.63176	195.456	130.45155	164.73192	127.109924	137.51375	172.06482	176.71512	157.54877	281.40332	172.72578	205.23582	198.05356	265.89307	235.33229	152.78325	184.72195	257.4103	152.32315	165.1478	145.22672	126.4274	286.04727	202.29248	205.01813	205.86703	188.04381	262.98984	99.85333	272.98914	253.7441	149.89856	218.6826	180.1627	187.13156	199.22733	197.01085	300.97885	222.4987	97.70813	89.600235	205.48106	134.85173	92.59893	161.93379	192.36865	150.65732	235.88367	132.40276	257.49142	220.90315	235.86366	163.76073	106.510506	151.30583	238.27611	243.2589	295.08478	212.37254	220.38382	270.7772	132.52621	240.86566	273.1605	219.18352	277.27167	145.20169	242.38985	146.84645	179.44165	237.63898	233.28694	132.49164	127.15493	126.61049	89.527885
21	190.48868	167.03	196.94046	242.55847	235.35367	225.53279	141.11998	216.04958	271.0279	203.31569	271.362	301.29898	106.08155	215.73514	112.915	162.3173	262.32492	230.68034	220.40096	127.478195	253.56247	0.0	68.29144	247.80975	190.47285	191.23381	68.04243	150.61232	122.12454	137.3947	113.59233	199.59831	151.94061	185.77325	336.70126	104.04241	158.17947	87.81963	107.419754	97.146774	148.79326	82.46702	138.66057	109.98374	135.28828	244.03804	238.61069	281.2174	310.37625	301.14642	282.0959	372.0425	372.05707	326.84668	167.50574	257.9317	199.1688	196.37509	267.84207	393.8696	328.28223	189.80379	366.20355	353.60727	283.64252	363.05957	333.27356	226.84981	243.15962	309.3339	213.73254	403.49768	246.32895	288.1059	259.69998	225.86624	342.29288	195.38382	189.18611	373.84348	322.1576	361.1033	285.0319	154.20807	320.37845	328.67102	247.6378	273.09744	238.96997	187.31834	309.8175	218.64398	318.53354	311.12637	250.22241	272.43484	361.47354	341.19714	266.36304	257.0709	299.36328	166.44173	372.33664	148.74628	260.91666	377.63626	348.60953	255.04417	190.32939	287.73236	268.7318	310.426	353.81348	341.54623	300.00397	315.25403	274.26367	207.5971	315.0668	204.71861	194.5018	281.33328	304.155
22	161.43338	128.28629	175.6695	211.95802	213.45041	213.22151	83.59508	178.00035	221.36414	145.61406	231.03203	248.42949	80.17983	169.9776	118.71125	120.847595	203.32487	177.74986	242.46869	104.23985	206.02617	68.29144	0.0	191.03693	217.2374	189.32436	79.03483	152.90462	130.76022	159.19981	154.18008	208.68542	188.35107	212.02124	292.69193	135.47594	200.38925	102.16998	96.87818	68.312294	159.55281	117.671104	128.76312	160.4502	161.72261	251.35999	194.1399	250.0011	304.63135	261.81143	271.97925	329.8169	335.47092	308.15988	166.44148	238.17862	225.44852	199.53865	272.09616	370.87067	337.9084	202.07059	335.78613	335.9183	297.97177	322.2686	305.22314	164.95592	221.01219	327.66992	192.16075	375.98532	251.39621	272.8299	265.67697	196.05014	342.49432	197.80869	169.01653	355.47644	297.33234	341.76926	282.94595	126.977196	337.1244	319.41125	201.98262	232.5939	233.02057	142.48512	257.41934	195.72675	290.7609	264.82773	237.75159	254.22475	347.5304	331.9962	266.47318	246.09863	268.5988	120.58225	365.89096	106.98662	288.0913	347.34784	340.8511	269.94336	176.67232	291.4809	291.80264	310.72406	359.95102	310.34137	292.63928	295.70197	243.18663	225.77368	314.15714	166.92229	131.0364	256.26227	271.13217
23	118.26826	98.699036	135.46373	115.41387	150.2892	171.41719	109.530525	83.37054	93.08499	57.014397	108.04883	74.68723	205.68361	81.60457	239.45375	115.12067	57.99755	99.83615	280.75238	172.16841	55.06859	247.80975	191.03693	0.0	270.31308	197.63881	205.75203	189.6044	202.2511	233.44398	268.1098	224.19856	278.56155	268.66507	120.65706	248.96414	293.95554	212.39415	168.58446	164.91629	226.85004	237.43365	170.60608	284.78268	240.4499	247.06078	187.9078	156.79694	242.72058	167.65166	216.6665	166.73909	179.65462	226.72061	207.65594	201.8105	289.69058	209.73865	250.49512	248.34361	309.70273	266.2445	204.03284	238.86601	292.6844	192.57945	184.41632	124.10332	148.66588	332.50607	222.70848	256.4572	251.36342	204.58934	300.58167	142.13585	322.89722	275.2563	179.74667	272.19452	227.30849	230.45308	237.3057	174.54173	348.75815	274.25977	79.72552	96.13171	244.21358	108.80089	76.99057	158.78333	232.18752	172.37274	263.82013	172.63159	304.24268	254.37608	248.75742	212.65308	142.43033	152.13516	289.66122	207.23335	335.65118	256.19843	274.79224	310.65424	170.0974	288.39178	312.34915	270.0951	329.62027	196.77078	284.91232	198.26016	209.00735	274.5663	284.91156	152.00453	83.4899	178.77528	141.81317
24	160.20467	177.22145	139.3196	182.69612	160.75787	123.15719	216.5643	191.97923	273.88077	248.02017	237.97253	295.92612	226.6579	222.27054	197.01257	194.20978	295.04883	268.46057	66.72223	180.11389	241.7141	190.47285	217.2374	270.31308	0.0	119.41066	144.01215	85.86009	98.24316	82.19538	111.69063	60.563965	68.57745	61.381996	288.77133	118.03599	60.897835	138.2465	131.32986	178.8931	138.48509	109.17055	135.35445	99.77355	56.306805	107.34343	306.58954	241.7247	160.1007	284.63364	161.70955	314.21164	292.72528	227.56033	135.60915	212.07808	129.50195	81.19501	108.65697	274.21005	146.88042	163.8528	275.49088	231.70259	104.748474	323.97214	249.42638	310.19003	168.8652	138.33553	251.74324	310.4655	124.67016	195.05952	217.84178	196.58258	242.01817	231.4799	187.45515	275.8976	267.9415	234.6204	134.36157	217.14114	184.76857	231.9352	245.64426	238.90839	199.4401	226.26105	302.31204	190.8551	290.5465	323.93198	262.93707	165.22868	296.6879	202.57463	167.60275	170.88626	220.02013	242.83276	217.2118	288.8494	134.8412	328.61664	212.56985	181.59499	136.73705	185.95029	80.6987	158.06447	199.30609	271.9312	249.86166	199.97876	280.35587	117.17253	195.5511	235.52815	271.26035	214.51811	230.69684
25	130.36694	117.24825	84.6701	137.43417	151.34169	108.57203	169.1194	123.4746	238.91446	194.04095	207.74039	240.777	230.5375	186.57738	230.86354	170.1814	241.14217	238.0152	169.86824	186.7008	184.96701	191.23381	189.32436	197.63881	119.41066	0.0	151.61429	68.43888	125.539894	74.151085	119.71375	70.371346	162.45259	84.80068	216.75166	173.07123	134.92735	105.60056	107.218376	124.53532	69.34216	127.19519	60.934208	161.08908	109.884735	69.41933	302.5561	129.34737	168.25558	279.47015	186.34949	274.22546	249.42232	247.1917	179.88124	240.03584	98.761154	124.342995	155.92453	261.35046	187.66081	234.85175	258.37756	238.23761	135.7134	310.66214	163.67836	271.7969	82.77087	228.43826	279.32812	313.83813	192.93965	101.92334	291.78073	195.01639	311.77472	285.19092	208.99274	304.34378	290.56323	201.61995	120.81815	125.48201	279.55212	281.077	146.70079	147.42346	252.87651	129.4051	214.40376	73.39506	312.7959	311.8745	307.69125	121.68735	344.8551	158.5469	81.58991	207.89507	155.43796	231.76927	236.59444	220.59637	243.82848	344.41855	248.4537	269.64703	153.31502	258.9384	172.05621	205.17137	267.76718	269.22568	307.22476	186.66614	297.30942	206.14734	257.321	234.59673	195.286	222.75948	195.78854
26	127.763145	116.6877	138.60585	181.1795	168.82597	161.66667	107.44189	162.45792	217.40367	161.7621	210.50392	249.76715	91.1472	160.53154	86.278435	108.01943	219.1867	184.36066	165.04646	73.92322	199.7919	68.04243	79.03483	205.75203	144.01215	151.61429	0.0	95.97548	57.435192	104.96121	107.385086	147.13046	110.12397	152.46217	282.92532	60.251358	132.65736	74.12947	52.197697	79.88862	133.89441	55.41407	102.33545	93.254715	88.95862	199.91905	204.01714	244.48587	247.10443	242.81963	214.51752	311.27313	310.26108	259.0205	103.45324	194.191	185.19612	131.75003	205.07181	327.79797	271.1147	139.04285	300.4425	286.1309	233.68678	302.3107	283.53766	199.06157	191.71925	252.00056	170.2207	336.5838	181.82513	243.9474	208.40645	161.91057	280.52036	160.09001	128.9826	306.75656	258.75183	299.48444	228.0169	150.34479	263.09946	263.11606	208.92064	225.88383	180.15651	162.2965	266.49326	185.74991	259.879	260.3337	204.58652	212.14497	300.58084	287.40225	232.16714	189.83185	241.85376	129.4684	307.18246	174.95561	210.76357	315.88553	281.24896	202.34756	122.45005	225.67438	217.16736	245.17972	290.23428	276.04623	242.3731	249.63449	221.73183	151.37889	249.83919	153.44771	173.49959	214.85503	240.85281
27	92.118965	93.70554	68.52863	123.01306	117.151825	84.83112	136.77942	115.674034	208.80695	168.37453	180.52263	226.47983	175.37007	152.41125	167.02136	123.88845	219.15198	199.88385	122.51625	126.662796	169.87335	150.61232	152.90462	189.6044	85.86009	68.43888	95.97548	0.0	57.92158	55.952763	102.0578	56.260864	106.66989	86.12885	227.12436	109.37047	106.228165	83.774994	57.35106	103.57416	93.73981	81.70232	57.682423	115.03994	57.323566	106.96242	250.90952	177.4769	163.79051	237.8787	154.76498	264.93234	249.43857	213.72037	113.37021	186.48074	131.08739	72.37534	131.14864	257.3207	187.08061	167.16968	244.41057	221.44113	145.83162	280.13525	202.46396	236.46082	110.48361	196.62433	216.80225	290.08023	142.5635	155.9227	226.82397	147.98811	260.56113	217.42133	148.11127	268.54053	244.22034	215.33798	134.72179	143.05264	232.54494	234.71114	166.14044	167.9736	190.20589	142.2081	226.86795	122.59598	261.85577	270.14886	243.07796	128.5217	292.7064	192.88567	146.0953	158.6029	168.80255	180.69473	229.63159	216.36118	191.77036	302.1583	221.77496	207.23459	96.86681	205.02884	150.72261	179.00969	235.75569	239.3021	247.69737	177.46461	242.34274	144.38159	212.60207	181.36967	186.06042	182.87833	184.17177
28	98.139595	108.041695	104.06178	145.96631	125.392105	112.6792	127.63116	141.17398	203.54584	165.9986	183.28398	234.60687	131.0356	147.50421	111.79654	105.64746	217.82019	183.88205	112.61187	83.53842	181.9978	122.12454	130.76022	202.2511	98.24316	125.539894	57.435192	57.92158	0.0	86.355354	110.89827	99.81431	77.88196	121.26072	256.31625	57.191795	109.7191	92.88751	51.97712	108.29604	132.38042	65.49274	95.80147	91.31975	53.456013	159.58994	215.11789	227.05026	192.5645	221.27055	161.59302	279.1798	272.71063	212.20354	68.57089	160.83296	171.05984	74.753365	147.85948	279.30173	215.44745	116.007	257.99008	235.46014	183.26718	274.39264	250.64493	217.15573	159.05556	197.05234	170.08406	293.34845	128.39233	211.58781	181.72829	132.82576	236.43222	161.73865	109.89648	261.54846	224.86417	251.68971	177.2871	169.84496	213.8952	217.77405	200.04716	205.29889	150.28088	169.92464	254.11697	172.81863	234.82333	249.75232	195.29095	167.3201	265.47546	241.41779	203.50279	143.46544	205.5997	146.63956	251.59224	218.45325	166.62645	284.80313	227.31755	167.14056	79.44814	179.81657	164.25146	188.4973	234.80186	238.04094	211.39308	200.73018	208.3835	108.42283	199.29214	149.41586	192.58997	175.40561	202.71716
29	146.54582	136.94186	119.575455	176.41623	172.49394	135.73647	168.87518	163.75067	261.64548	211.49446	235.87808	277.9977	195.14662	203.72614	184.40709	168.8976	266.44473	247.67839	140.02155	160.93697	221.01755	137.3947	159.19981	233.44398	82.19538	74.151085	104.96121	55.952763	86.355354	0.0	51.451935	76.198364	103.36285	53.0969	274.3273	114.7807	70.071144	63.090347	84.00803	110.547775	60.10401	61.70807	68.76985	88.38785	51.623577	109.26845	292.12787	199.5358	201.60017	292.09048	202.97699	318.83926	300.5401	265.45523	152.18222	237.00772	85.07355	115.2989	165.45374	305.0487	206.67543	194.43367	297.52606	270.06836	152.554	336.01587	234.86252	275.46982	147.20099	217.06004	255.499	343.36176	180.91896	174.68517	259.8753	201.93306	300.70148	244.18753	193.36894	319.35248	296.85983	255.85432	162.55632	139.63995	258.71042	281.42377	200.42729	207.83588	231.75357	163.50296	268.81027	136.72136	313.18726	322.2316	281.50104	172.67673	339.99924	217.44244	141.18268	207.96191	214.26219	217.76498	267.78458	213.08203	206.98347	355.9631	266.00385	235.1638	148.48083	243.26599	158.72162	217.20128	269.38943	294.55554	290.41547	226.15326	290.68353	169.59712	254.23486	227.44333	214.71678	237.45386	237.73509
30	187.23685	171.94588	166.68251	223.4478	217.77374	184.92184	188.34172	206.37988	298.11765	240.33922	277.9865	317.85898	195.32677	238.93488	183.345	196.5297	298.71613	276.3439	168.04863	177.12427	261.64972	113.59233	154.18008	268.1098	111.69063	119.71375	107.385086	102.0578	110.89827	51.451935	0.0	124.8447	110.60591	82.91049	321.01028	115.21397	67.49984	62.30504	108.4831	120.21893	74.59789	53.942722	102.29189	68.272545	75.851715	153.64345	309.7218	239.5477	250.62628	328.02472	248.4473	365.84836	350.08514	309.55188	177.00122	270.90707	91.31889	156.65685	209.66058	355.45227	248.8124	208.18651	346.128	318.4531	192.76103	377.39917	282.8469	294.7264	195.97704	249.20569	271.64447	389.65268	216.36093	220.31845	277.89975	238.79446	332.12744	250.522	219.39851	361.6205	333.8538	307.21103	211.88312	149.79271	285.638	318.55804	238.09422	251.7444	256.91544	189.7054	309.064	173.66014	345.65802	353.92206	298.37805	223.97469	372.39655	266.16992	178.60411	246.40791	264.074	233.84125	315.47565	205.82709	225.08414	393.81638	310.60117	253.6541	185.53682	273.84683	190.43654	260.74344	307.39526	338.70758	316.97318	276.26245	317.45905	190.63335	291.02036	252.30911	235.31856	279.09848	285.94205
31	123.60717	137.62303	89.28469	134.30786	125.06464	78.17604	189.47902	142.3213	238.09227	211.96745	199.34143	250.9435	227.45332	187.674	211.19974	169.76825	255.88841	239.7794	101.878876	174.39368	196.02066	199.59831	208.68542	224.19856	60.563965	70.371346	147.13046	56.260864	99.81431	76.198364	124.8447	0.0	114.931076	64.96953	233.4464	143.57799	103.63295	129.14302	113.52173	157.02063	116.084984	121.36177	100.93578	136.86365	76.51253	63.44915	294.09204	182.98209	126.14988	259.82397	138.5093	268.84933	244.08165	205.47879	140.57066	201.72731	121.96739	69.11846	94.20971	235.37025	134.86763	187.5843	236.42181	200.80208	89.575134	292.3159	189.67488	284.24188	108.92848	159.16393	253.11874	281.4813	131.07959	136.92041	238.94275	172.40327	251.85345	250.02856	180.7574	259.64362	253.15582	186.96068	89.81459	183.70795	210.81621	228.13094	191.28188	181.26408	206.61925	181.72054	247.33888	137.58301	278.89984	299.46927	271.015	111.13034	296.00998	153.67224	121.39704	160.28833	163.65791	229.29588	192.09528	267.15817	176.3398	310.72488	196.69135	210.0075	119.536804	198.25862	105.09269	146.73932	203.8678	241.71977	257.34525	158.79129	270.4615	146.7804	197.61797	220.31522	233.46129	189.86626	184.95074
32	167.65611	183.7585	165.31319	206.62888	177.34447	156.03134	203.77739	211.24768	272.47192	243.32037	246.45546	305.44318	182.41208	220.10025	142.28204	180.55325	293.09314	255.27414	77.414536	146.99126	253.49843	151.94061	188.35107	278.56155	68.57745	162.45259	110.12397	106.66989	77.88196	103.36285	110.60591	114.931076	0.0	111.38565	319.25143	62.078754	68.442	133.80075	123.38436	171.86519	162.15222	86.14261	151.9997	58.62284	54.59834	170.96469	273.5918	283.09552	208.49217	276.48755	185.86823	335.9316	324.27203	241.7044	105.87691	198.85349	169.5212	99.572014	150.20726	311.44305	203.69278	115.242966	301.2012	262.5201	171.44324	327.45935	298.82068	289.57642	210.93115	164.23793	210.71738	328.2681	128.7472	249.91321	178.37654	191.25548	232.53311	176.53493	160.95822	284.94565	260.92084	283.9615	193.59888	227.25453	182.24019	230.88835	270.0165	270.45425	169.75305	239.91434	325.50433	226.86815	273.77304	309.49988	220.66034	209.31448	281.9838	263.9548	225.9041	171.14926	258.9811	212.2547	260.9196	276.6022	117.74673	322.85757	238.30595	146.84361	132.82233	175.08115	128.8403	190.60419	221.00839	282.61993	223.85126	236.36252	254.38922	86.032425	200.24606	210.80223	268.94913	219.42021	256.36517
