	0	1	2	3	4	5	6	7	8	9	10	11	12	13	14	15	16	17	18	19	20	21	22	23	24	25	26	27	28	29	30	31	32	33	34	35	36	37	38	39	40	41	42	43	44	45	46	47	48	49	50	51	52	53	54	55	56	57	58	59	60	61	62	63	64	65	66	67	68	69	70	71	72	73	74	75	76	77	78	79	80	81	82	83	84	85	86	87	88	89	90	91	92	93	94	95	96	97	98	99	100	101	102	103	104	105	106	107	108	109	110	111	112	113	114	115	116	117	118	119	120	121	122
0	0.0	0.10393572	0.0157799	0.059538387	0.1305123	0.13646798	0.45604762	0.031119488	2.1168323	2.4659884	1.8761747	1.839231	3.3352354	1.9292043	3.4171572	2.0679147	1.8968182	2.548848	2.6303895	1.9431201	2.072318	2.117778	2.2604063	2.4182675	8.9222145	9.248627	8.438821	7.6428804	8.672464	8.540252	8.743069	8.428968	7.9323964	8.395697	7.157004	8.206819	7.9020753	8.592626	8.73432	8.825006	9.387392	8.590207	8.008598	8.25228	7.9789863	6.641961	4.1846886	3.9952023	5.0194106	11.765981	5.639182	9.880437	9.500355	9.552858	2.059013	5.8653607	2.2318301	2.1954432	4.8573575	7.637976	4.9219327	6.2328367	9.931899	7.0685225	4.642512	4.825786	3.604069	5.375403	2.221457	8.102441	7.3809133	10.525394	11.505462	10.036641	8.880548	3.10605	8.7027645	5.698944	1.3397644	8.173939	10.781072	7.8030477	7.2578883	5.8421264	6.3548846	8.927062	8.826384	8.534738	8.483981	6.396448	9.990303	7.5763125	10.848926	11.821136	6.738016	1.611865	10.572186	8.420994	7.8935976	5.4739733	2.4889238	1.8216741	6.250467	6.259864	9.961768	7.0674124	6.136574	8.317264	2.3933933	8.218775	5.864379	5.47924	6.9482822	9.070351	9.782498	7.2696085	9.882395	5.726954	8.568779	2.05106	5.445151	5.937338	5.418122
1	0.10393572	0.0	0.11903207	0.04568349	0.026623571	0.18551402	0.42318177	0.081055604	2.1496522	2.5161998	1.942126	1.8838052	3.4061007	1.9686394	3.4923863	2.105879	1.9397182	2.5969849	2.6600544	2.0082698	2.143956	2.1851966	2.3240113	2.4699771	8.82593	9.148197	8.340287	7.550331	8.575695	8.44721	8.649832	8.328639	7.8366013	8.3045845	7.0618315	8.1074505	7.8054028	8.495949	8.636746	8.732617	9.290785	8.496386	7.911286	8.158409	7.8848467	6.5466123	4.268865	4.088791	5.1100574	11.84392	5.725123	9.96357	9.583156	9.6250725	1.9940104	5.952177	2.1456828	2.1017516	4.941399	7.7270927	4.9808	6.31593	10.025622	7.15745	4.710727	4.9031878	3.6902964	5.468787	2.1361358	8.200992	7.476755	10.614269	11.582301	10.126099	8.968441	3.0494518	8.761102	5.8010097	1.2889982	8.253883	10.858077	7.8712516	7.3326654	5.9392567	6.4539576	8.989899	8.906515	8.611898	8.566474	6.489164	10.083611	7.656255	10.925459	11.897963	6.837272	1.5669298	10.66369	8.515514	7.988397	5.544931	2.4255288	1.7688835	6.3149314	6.3394547	10.047191	7.1494803	6.2148223	8.407397	2.3338764	8.277581	5.96112	5.562803	7.0295134	9.150913	9.868696	7.3546953	9.980479	5.792235	8.628745	2.0110433	5.5194864	6.0080924	5.500781
2	0.0157799	0.11903207	0.0	0.07404556	0.14552905	0.139547	0.4669337	0.04225963	2.117186	2.4633825	1.870831	1.8377055	3.3288014	1.9285178	3.4098697	2.0674405	1.8955611	2.5465877	2.6311655	1.9379143	2.065852	2.1121154	2.2554362	2.4154081	8.93796	9.26438	8.4546	7.658478	8.688221	8.555872	8.758698	8.444725	7.9481273	8.411216	7.1727147	8.222595	7.9178295	8.608379	8.750092	8.840593	9.403144	8.605864	8.024366	8.267939	7.9946566	6.657678	4.1755404	3.979575	5.0039444	11.751504	5.6240435	9.86551	9.485456	9.538937	2.0648997	5.8501554	2.2417057	2.2069712	4.8423743	7.622603	4.9094825	6.2179236	9.916258	7.053163	4.6290374	4.811389	3.588922	5.359782	2.2311633	8.086661	7.365188	10.510034	11.491087	10.021242	8.865256	3.1103444	8.690333	5.683288	1.3434147	8.159289	10.766684	7.7895436	7.243724	5.8263664	6.3391047	8.914127	8.811716	8.520341	8.4691105	6.38086	9.974682	7.561666	10.834581	11.806763	6.7222376	1.614448	10.556662	8.405318	7.87791	5.460203	2.4944658	1.825501	6.2373743	6.2452545	9.946659	7.0525823	6.1220875	8.301824	2.398267	8.206293	5.848628	5.464292	6.933525	9.055645	9.76733	7.2545304	9.866619	5.7137785	8.556166	2.052726	5.431042	5.9235835	5.4032497
3	0.059538387	0.04568349	0.07404556	0.0	0.0718011	0.16487378	0.44241118	0.035510406	2.1426027	2.501184	1.9194597	1.8712784	3.381181	1.9585128	3.46527	2.0964673	1.9279846	2.5829568	2.654548	1.9860088	2.1185231	2.1618586	2.30256	2.454247	8.870621	9.193724	8.385481	7.59403	8.620501	8.49105	8.693727	8.37415	7.881169	8.347873	7.106239	8.152804	7.850184	8.540732	8.681736	8.776275	9.335553	8.54044	7.9562163	8.202476	7.928985	6.591063	4.237115	4.044727	5.0668216	11.804787	5.6833158	9.922691	9.542384	9.587926	2.015378	5.910099	2.1782055	2.138644	4.9001837	7.684326	4.9484663	6.2750397	9.981552	7.114737	4.674938	4.864174	3.6483638	5.4247904	2.1681979	8.155774	7.4321365	10.571586	11.543545	10.083239	8.92605	3.0668066	8.729043	5.755328	1.3030823	8.214051	10.819261	7.8355284	7.294596	5.8943324	6.4086375	8.956158	8.866625	8.573015	8.525798	6.445355	10.039652	7.6164193	10.886806	11.859212	6.7919197	1.5783476	10.6202345	8.4712305	7.9440403	5.508181	2.446163	1.784158	6.2805505	6.2997236	10.005575	7.1089334	6.1755433	8.364332	2.352572	8.24534	5.916284	5.521751	6.989242	9.11088	9.826836	7.3131723	9.935357	5.7575426	8.596071	2.0202863	5.4815445	5.971424	5.4600215
4	0.1305123	0.026623571	0.14552905	0.0718011	0.0	0.20590657	0.42027912	0.10679866	2.1604242	2.531086	1.9608449	1.8975149	3.4257598	1.9810817	3.5130517	2.1179183	1.953006	2.6113577	2.6699164	2.0267873	2.1639376	2.2042007	2.3421032	2.485231	8.802021	9.123001	8.315694	7.527539	8.5516405	8.424267	8.62683	8.303477	7.8128448	8.282207	7.0382657	8.082596	7.7813816	8.471923	8.612447	8.709864	9.266778	8.473213	7.8870697	8.135223	7.861583	6.5229974	4.2915425	4.1120334	5.1324515	11.862737	5.746198	9.983823	9.60332	9.642356	1.9765146	5.9734907	2.1228995	2.0771694	4.9619713	7.7490253	4.9946346	6.336213	10.048849	7.1793356	4.727049	4.9219594	3.711509	5.4919477	2.1135545	8.225644	7.5006065	10.636115	11.6008215	10.14811	8.990022	3.0338814	8.774689	5.826777	1.2754673	8.273278	10.876646	7.887481	7.3506703	5.9634957	6.4787745	9.004678	8.925954	8.630531	8.586563	6.512123	10.106717	7.6756563	10.9439	11.916476	6.862143	1.5547203	10.686277	8.538978	8.011944	5.561951	2.4083464	1.754564	6.3301973	6.3587813	10.068077	7.169469	6.233787	8.42961	2.3176873	8.291301	5.985245	5.583229	7.049275	9.170468	9.889799	7.375511	10.004986	5.8077335	8.642765	1.9998947	5.537413	6.0250444	5.5209613
5	0.13646798	0.18551402	0.139547	0.16487378	0.20590657	0.0	0.35284683	0.16051382	1.9814352	2.3363538	1.756897	1.7070199	3.2205868	1.7953103	3.307209	1.9336475	1.7640156	2.4182603	2.4945536	1.8231636	1.9584719	1.9998208	2.1392188	2.2893763	8.89516	9.238419	8.420174	7.604645	8.647123	8.503229	8.706571	8.418375	7.903862	8.353484	7.126618	8.191753	7.876523	8.56697	8.711885	8.786121	9.36138	8.555424	7.985317	8.217699	7.9452515	6.612263	4.086846	4.0348964	5.066487	11.837771	5.6968884	9.942999	9.563604	9.633863	2.1785805	5.9211054	2.3277004	2.2768185	4.919283	7.6880307	5.020782	6.2961273	9.969489	7.119144	4.7301855	4.8997607	3.6622732	5.4149566	2.3186324	8.123757	7.412312	10.575612	11.579101	10.085523	8.933237	3.2315001	8.801456	5.7026124	1.4679313	8.242656	10.854503	7.889909	7.3353553	5.8694615	6.3743834	9.020576	8.894671	8.608168	8.547957	6.437553	10.029091	7.6451387	10.923122	11.894775	6.7566175	1.7427207	10.615863	8.456407	7.928241	5.557565	2.6097643	1.9490303	6.342435	6.3296084	10.019704	7.1324553	6.2086678	8.364727	2.516929	8.317007	5.893099	5.541856	7.0149097	9.137831	9.838815	7.3286576	9.9053335	5.81804	8.665676	2.1837986	5.5237675	6.0210786	5.4825125
6	0.45604762	0.42318177	0.4669337	0.44241118	0.42027912	0.35284683	0.0	0.46337596	1.8028898	2.2187262	1.717316	1.5759223	3.1855478	1.6429882	3.2933278	1.7739753	1.6253704	2.2916303	2.3013148	1.7782845	1.9424039	1.9622217	2.0813959	2.1782887	8.5957155	8.964829	8.133435	7.2907267	8.35024	8.190505	8.394444	8.144577	7.602754	8.0344305	6.8233304	7.910782	7.5796947	8.269668	8.41925	8.47097	9.063251	8.245566	7.691769	7.9082317	7.6370115	6.3102593	4.11751	4.3584456	5.396485	12.185083	6.035714	10.284691	9.905816	9.98509	2.291911	6.258311	2.3431222	2.2446582	5.2614346	8.019811	5.372557	6.6388283	10.287876	7.451591	5.082884	5.2487	4.00245	5.737191	2.3388245	8.422289	7.724187	10.907027	11.927358	10.415741	9.267152	3.3664958	9.153352	5.976808	1.639238	8.588484	11.202686	8.242455	7.6854687	6.17719	6.6714263	9.373343	9.24019	8.956466	8.890775	6.7608843	10.348819	7.991091	11.27167	12.243021	7.0521483	1.9261861	10.940782	8.772673	8.243783	5.9096036	2.724491	2.1068184	6.6952696	6.676239	10.357894	7.476164	6.5565343	8.693894	2.646518	8.669015	6.2025356	5.884282	7.359634	9.482843	10.175708	7.6681066	10.205428	6.1708865	9.017987	2.376626	5.874431	6.373127	5.8261266
7	0.031119488	0.081055604	0.04225963	0.035510406	0.10679866	0.16051382	0.46337596	0.0	2.1419477	2.494071	1.9062026	1.8663595	3.3657699	1.9554818	3.4479954	2.0939574	1.9236804	2.576625	2.6549766	1.97307	2.1028764	2.1479685	2.2902124	2.446565	8.905985	9.229213	8.420978	7.6289864	8.655903	8.526071	8.728771	8.409644	7.916491	8.38263	7.1415014	8.188314	7.885579	8.576128	8.717191	8.811211	9.370944	8.575556	7.9916553	8.237597	7.9641376	6.626343	4.2158084	4.009623	5.032116	11.772451	5.649389	9.889295	9.509051	9.556864	2.0287879	5.8760176	2.2007604	2.1649492	4.8666067	7.6498604	4.9206824	6.241647	9.946439	7.0803013	4.644815	4.831948	3.61438	5.389714	2.190366	8.120275	7.396802	10.537161	11.511446	10.048721	8.891787	3.0767722	8.701396	5.7200265	1.3110294	8.181293	10.787126	7.80541	7.2629504	5.8588986	6.3731284	8.92736	8.833828	8.540846	8.492525	6.4103637	10.004589	7.58366	10.8547735	11.827117	6.7564096	1.5840075	10.58541	8.436027	7.908806	5.477408	2.4588745	1.7927709	6.2513456	6.267036	9.971747	7.075743	6.143138	8.329708	2.3637416	8.217571	5.880877	5.4882665	6.9562187	9.077994	9.792867	7.2794037	9.899875	5.7281356	8.568004	2.0240395	5.4499955	5.940699	5.426712
8	2.1168323	2.1496522	2.117186	2.1426027	2.1604242	1.9814352	1.8028898	2.1419477	0.0	0.5526415	0.7681625	0.3645109	1.683603	0.23054439	1.8621008	0.120357625	0.30105412	0.5779788	0.5176416	0.7442316	0.9241626	0.81891394	0.75907886	0.55083483	8.991628	9.567968	8.651239	7.5748825	8.775279	8.462554	8.668003	8.763248	8.007789	8.238558	7.231846	8.480297	8.024826	8.69278	8.88046	8.709379	9.461536	8.546837	8.162951	8.222183	7.9710593	6.749924	2.7871127	4.805909	5.854545	12.790009	6.59066	10.788978	10.425529	10.743784	4.0936775	6.7792864	4.091027	3.9416742	5.9058857	8.40798	6.465113	7.2394795	10.462168	7.864042	6.046563	6.038842	4.691805	6.0841284	4.091233	8.430041	7.882759	11.236997	12.560588	10.736055	9.659351	5.1693606	10.17037	5.8649645	3.431723	9.20575	11.8414	9.108852	8.438119	6.349491	6.7212133	10.314179	9.838885	9.629056	9.439177	7.077997	10.537649	8.6232395	11.9200735	12.872895	7.0736866	3.7141619	11.183665	8.951904	8.42759	6.7915263	4.5257425	3.905598	7.6624436	7.357253	10.799238	8.072636	7.2713137	9.030934	4.4493628	9.685782	6.3907366	6.5065165	7.9798136	10.066367	10.598548	8.181966	10.190685	7.1402326	10.011208	4.160311	6.6952376	7.2420807	6.4727893
9	2.4659884	2.5161998	2.4633825	2.501184	2.531086	2.3363538	2.2187262	2.494071	0.5526415	0.0	0.7056709	0.64325136	1.1311742	0.59853077	1.3129063	0.50153303	0.5982188	0.09993011	0.5713714	0.6427458	0.6997434	0.5766148	0.41871634	0.06223178	9.495558	10.093314	9.169952	8.069412	9.283328	8.951942	9.156876	9.291536	8.515807	8.719105	7.743074	9.004606	8.537398	9.200832	9.392425	9.193124	9.964519	9.039925	8.677989	8.718101	8.470499	7.2665124	2.239767	4.6311736	5.6594114	12.582281	6.4123077	10.560273	10.203162	10.592062	4.5003576	6.5882454	4.5495963	4.420024	5.7656484	8.161602	6.462481	7.0664268	10.1455765	7.6293216	6.0060406	5.9417477	4.593677	5.8530045	4.547483	8.083575	7.5787477	10.957657	12.362161	10.456413	9.405213	5.564589	10.107892	5.5146112	3.80426	9.019748	11.647469	9.001963	8.299863	6.066033	6.400732	10.224528	9.643131	9.456989	9.231091	6.824823	10.224416	8.44616	11.728743	12.672329	6.7421393	4.07781	10.881492	8.64512	8.125736	6.7126384	4.933313	4.2849708	7.6018357	7.2073426	10.55258	7.889603	7.132876	8.765684	4.847177	9.626099	6.1109943	6.3496547	7.8047986	9.864731	10.347705	7.973479	9.828853	7.086136	9.941319	4.514527	6.5977793	7.153283	6.3238826
10	1.8761747	1.942126	1.870831	1.9194597	1.9608449	1.756897	1.717316	1.9062026	0.7681625	0.7056709	0.0	0.46159726	1.4703516	0.5744923	1.5771223	0.64800125	0.49986762	0.8050979	1.1538047	0.06930146	0.24711913	0.2452363	0.38785958	0.6446872	9.615221	10.139031	9.24242	8.218392	9.390902	9.112675	9.318582	9.326806	8.625052	8.902231	7.8441715	9.056611	8.632155	9.308555	9.487374	9.367675	10.086197	9.190814	8.764256	8.861967	8.60511	7.351351	2.4290624	4.0433154	5.0893397	12.024578	5.8286095	10.021385	9.658351	9.989625	3.9347656	6.015091	4.0546174	3.9616954	5.1527915	7.639826	5.779286	6.47882	9.70265	7.095996	5.337048	5.301404	3.9521945	5.3160534	4.048766	7.6815224	7.121214	10.470524	11.796461	9.969676	8.891297	4.978826	9.451578	5.1213326	3.210152	8.443175	11.077912	8.3694315	7.6872125	5.584796	5.964858	9.58248	9.074783	8.869437	8.673298	6.3100758	9.777262	7.86225	11.1570425	12.108476	6.320658	3.472431	10.420679	8.190524	7.6653323	6.062849	4.365076	3.692393	6.943388	6.6023574	10.031077	7.3102937	6.519755	8.263457	4.268786	8.96824	5.6254525	5.749257	7.219039	9.301428	9.830407	7.415816	9.447756	6.424222	9.288642	3.8972697	5.9582415	6.509234	5.717633
11	1.839231	1.8838052	1.8377055	1.8712784	1.8975149	1.7070199	1.5759223	1.8663595	0.3645109	0.64325136	0.46159726	0.0	1.6925993	0.1350756	1.8415263	0.2635901	0.06594065	0.71647847	0.8548154	0.46246573	0.67258424	0.59886056	0.61854243	0.60571843	9.170809	9.710849	8.807458	7.768462	8.948669	8.661369	8.8672085	8.900871	8.182138	8.447885	7.4023876	8.626335	8.1921	8.866257	9.047699	8.914557	9.641595	8.740995	8.326033	8.413115	8.157655	6.912524	2.7435656	4.4608746	5.5128326	12.447534	6.244246	10.452648	10.087596	10.390267	3.8608592	6.4356065	3.9070666	3.7812278	5.552613	8.0782175	6.100637	6.8914294	10.157383	7.5311193	5.6827083	5.6793447	4.3333907	5.7520146	3.9047394	8.141152	7.574637	10.916796	12.215952	10.416209	9.331261	4.928188	9.807052	5.582139	3.1727839	8.859406	11.49592	8.749412	8.083105	6.0350256	6.4218817	9.952786	9.494485	9.279617	9.097942	6.7516413	10.231349	8.275244	11.57399	12.528685	6.779047	3.449626	10.872343	8.643951	8.118022	6.429914	4.293875	3.6519828	7.299312	7.004671	10.468205	7.7262063	6.9168406	8.706965	4.209765	9.322358	6.074772	6.1557655	7.6317177	9.723269	10.268918	7.841531	9.908409	6.776824	9.648344	3.8902905	6.335478	6.881233	6.1205926
12	3.3352354	3.4061007	3.3288014	3.381181	3.4257598	3.2205868	3.1855478	3.3657699	1.683603	1.1311742	1.4703516	1.6925993	0.0	1.6938226	0.21832861	1.6226182	1.6691241	1.1220099	1.5447452	1.4077096	1.2629516	1.2251611	1.1082537	1.1360819	10.55549	11.186712	10.253679	9.116654	10.350111	9.989258	10.192984	10.38998	9.583536	9.742567	8.816913	10.09715	9.612222	10.267718	10.465306	10.220815	11.022346	10.083059	9.756485	9.766334	9.524765	8.349201	1.1251291	4.431334	5.3782263	12.187563	6.148761	10.133693	9.792986	10.329039	5.3930497	6.293289	5.524908	5.4280157	5.6006346	7.719942	6.5653677	6.801079	9.531229	7.2204604	6.043028	5.863288	4.559949	5.4866657	5.519113	7.4197216	7.016569	10.419163	11.988358	9.920594	8.933271	6.4234514	10.035498	4.8808794	4.6569557	8.698782	11.287502	8.848714	8.089389	5.5762224	5.819118	10.09471	9.29493	9.161165	8.860483	6.3882294	9.616901	8.151081	11.373769	12.292289	6.129243	4.9097214	10.293918	8.0646715	7.561741	6.6538267	5.8210306	5.1375446	7.56435	6.989097	10.08744	7.589294	6.9404373	8.27572	5.720003	9.564191	5.628682	6.1339765	7.5229816	9.501897	9.875059	7.6169653	9.116659	7.0711975	9.855168	5.3213573	6.50265	7.0650864	6.1258907
13	1.9292043	1.9686394	1.9285178	1.9585128	1.9810817	1.7953103	1.6429882	1.9554818	0.23054439	0.59853077	0.5744923	0.1350756	1.6938226	0.0	1.8544819	0.1413981	0.07660471	0.65748787	0.7323136	0.56435966	0.76496345	0.6766901	0.66337276	0.5724149	9.091542	9.644216	8.736051	7.684065	8.871358	8.575341	8.781077	8.835952	8.104375	8.358279	7.325777	8.558434	8.116769	8.788903	8.97252	8.826413	9.56209	8.656559	8.2521715	8.329725	8.0757	6.838527	2.76775	4.5922074	5.643302	12.578366	6.3760304	10.581741	10.217138	10.523872	3.9337337	6.5666595	3.9600656	3.8247387	5.6861053	8.205331	6.234824	7.02366	10.2768545	7.6591477	5.817679	5.8141026	4.46795	5.8797126	3.9587545	8.255371	7.6950336	11.041109	12.347363	10.5404005	9.457917	5.0050125	9.942102	5.6940455	3.2561536	8.991229	11.627548	8.884174	8.217025	6.1573095	6.539349	10.087796	9.625802	9.412239	9.22839	6.8776684	10.351305	8.407486	11.705776	12.659986	6.895024	3.5355635	10.993905	8.7643585	8.238913	6.5649385	4.366593	3.7334142	7.434377	7.138028	10.595762	7.8580317	7.0506296	8.832359	4.2856374	9.457397	6.197532	6.2886634	7.763975	9.8542385	10.396056	7.971728	10.020576	6.911867	9.783418	3.9787958	6.4702797	7.016182	6.2538424
14	3.4171572	3.4923863	3.4098697	3.46527	3.5130517	3.307209	3.2933278	3.4479954	1.8621008	1.3129063	1.5771223	1.8415263	0.21832861	1.8544819	0.0	1.7934806	1.8236506	1.3130531	1.7521168	1.5187354	1.3531926	1.333561	1.2375029	1.3114079	10.764175	11.3887	10.4579525	9.326942	10.557676	10.200842	10.404724	10.590474	9.790855	9.955541	9.023038	10.299275	9.818263	10.475258	10.671804	10.4334345	11.231393	10.293977	9.961819	9.976577	9.734165	8.553473	0.92759293	4.29532	5.2254896	12.010357	5.99636	9.953809	9.61537	10.170401	5.46931	6.135949	5.624294	5.5379853	5.4649496	7.5404177	6.4710803	6.6468935	9.331119	7.0457664	5.939038	5.740587	4.4507422	5.321272	5.6173935	7.2162056	6.823699	10.226299	11.813862	9.728286	8.748861	6.487733	9.905458	4.6833467	4.7258477	8.533817	11.115175	8.7076845	7.940914	5.3941455	5.625671	9.955725	9.125689	8.999121	8.688737	6.211315	9.417408	7.9903693	11.202028	12.116851	5.9319654	4.9722376	10.096061	7.8688674	7.3681173	6.5319104	5.894614	5.2042804	7.443737	6.8414564	9.902979	7.428681	6.796781	8.089771	5.789928	9.436376	5.447437	5.9887795	7.365085	9.330546	9.689864	7.448598	8.908193	6.9554152	9.723183	5.375939	6.375268	6.93739	5.9834146
15	2.0679147	2.105879	2.0674405	2.0964673	2.1179183	1.9336475	1.7739753	2.0939574	0.120357625	0.50153303	0.64800125	0.2635901	1.6226182	0.1413981	1.7934806	0.0	0.1977116	0.5462898	0.5926488	0.6239549	0.8059275	0.7029706	0.6534788	0.4872314	9.09151	9.659823	8.746047	7.677602	8.873897	8.566435	8.771982	8.853777	8.106521	8.344481	7.329635	8.572753	8.122017	8.791408	8.97775	8.814543	9.56165	8.649788	8.259233	8.324439	8.072388	6.8458676	2.7146115	4.6871862	5.7352934	12.670744	6.4720936	10.669108	10.305794	10.626822	4.065721	6.660272	4.0820813	3.9412374	5.788979	8.287763	6.359297	7.1212044	10.342326	7.743975	5.9369016	5.9246335	4.5770683	5.964043	4.08134	8.311315	7.762721	11.116648	12.441628	10.615709	9.539074	5.1384616	10.059593	5.74668	3.3924172	9.0871105	11.72258	8.994502	8.321709	6.229216	6.6016345	10.201214	9.719918	9.511024	9.319792	6.9576902	10.417727	8.50492	11.801354	12.75387	6.9544487	3.6726222	11.063524	8.831886	8.307497	6.678851	4.4984083	3.8688798	7.5514445	7.24008	10.679058	7.9540324	7.154746	8.910585	4.4188175	9.575189	6.2704296	6.3888764	7.8615284	9.94721	10.478314	8.062507	10.072631	7.0296793	9.899785	4.1165876	6.581163	7.128749	6.355537
16	1.8968182	1.9397182	1.8955611	1.9279846	1.953006	1.7640156	1.6253704	1.9236804	0.30105412	0.5982188	0.49986762	0.06594065	1.6691241	0.07660471	1.8236506	0.1977116	0.0	0.6665271	0.78896016	0.49259275	0.6967944	0.61367035	0.6145124	0.56493515	9.152697	9.699876	8.793812	7.7473273	8.931679	8.639287	8.845068	8.890825	8.164872	8.423655	7.3857627	8.614639	8.176224	8.84924	9.031927	8.891215	9.623353	8.719857	8.310994	8.392587	8.137961	6.8973694	2.731518	4.5157843	5.566766	12.501862	6.2996864	10.5051365	10.140542	10.448182	3.912993	6.490188	3.95177	3.822142	5.610366	8.128793	6.1647778	6.947421	10.201518	7.5825596	5.7455115	5.739595	4.393134	5.803137	3.9498389	8.181324	7.6194887	10.96488	12.27094	10.464188	9.381415	4.9817886	9.869415	5.6206145	3.228466	8.914887	11.551165	8.809663	8.141547	6.0813923	6.464453	10.013984	9.549365	9.336112	9.151848	6.801221	10.275863	8.331247	11.629424	12.583544	6.8205013	3.5061865	10.918139	8.688817	8.16327	6.4912143	4.345991	3.707066	7.3615384	7.0622096	10.519198	7.7816925	6.9750648	8.755984	4.2629867	9.384801	6.121532	6.212644	7.6877413	9.777752	10.319518	7.8951664	9.947114	6.8392525	9.710392	3.9477172	6.395856	6.942138	6.1779747
17	2.548848	2.5969849	2.5465877	2.5829568	2.6113577	2.4182603	2.2916303	2.576625	0.5779788	0.09993011	0.8050979	0.71647847	1.1220099	0.65748787	1.3130531	0.5462898	0.6665271	0.0	0.505553	0.7424981	0.7970333	0.6744678	0.5129335	0.1620254	9.472192	10.08013	9.153386	8.042619	9.261758	8.923035	9.127738	9.280169	8.494376	8.687155	7.723249	8.991011	8.518002	9.179278	9.372585	9.162163	9.940679	9.012362	8.659717	8.691681	8.445512	7.24932	2.2404866	4.72197	5.7479906	12.668358	6.502095	10.644394	10.288008	10.683268	4.5772552	6.6768756	4.61662	4.4821486	5.8585587	8.244172	6.561558	7.156483	10.218405	7.7133265	6.1040626	6.037265	4.68954	5.9379725	4.6150265	8.152004	7.654022	11.03566	12.449165	10.534448	9.486625	5.643718	10.204598	5.583389	3.885737	9.108303	11.734966	9.096416	8.392356	6.1446934	6.4739623	10.319857	9.7307	9.54669	9.317536	6.906969	10.29774	8.535593	11.816475	12.759101	6.813489	4.160632	10.956347	8.719712	8.201171	6.8089375	5.0102687	4.3658323	7.698853	7.2991877	10.634691	7.978625	7.225565	8.845864	4.925636	9.722966	6.190123	6.4411855	7.894527	9.951709	10.429357	8.060122	9.894151	7.1834917	10.03769	4.598766	6.693136	7.2490077	6.4160137
18	2.6303895	2.6600544	2.6311655	2.654548	2.6699164	2.4945536	2.3013148	2.6549766	0.5176416	0.5713714	1.1538047	0.8548154	1.5447452	0.7323136	1.7521168	0.5926488	0.78896016	0.505553	0.0	1.1069859	1.2259171	1.1028372	0.97020864	0.6202829	9.012067	9.644529	8.7095	7.575731	8.805767	8.4515295	8.655717	8.849879	8.039061	8.209974	7.2721677	8.554887	8.067478	8.723359	8.9205885	8.686662	9.479347	8.543509	8.21185	8.225295	7.9822655	6.8050876	2.6688144	5.17187	6.2077785	13.136776	6.955983	11.1195965	10.760922	11.128428	4.5855293	7.1360545	4.553001	4.3873863	6.295097	8.724135	6.925283	7.608777	10.716761	8.189223	6.489612	6.453179	5.1037965	6.4112244	4.5549393	8.654579	8.149104	11.525989	12.914068	11.024729	9.969509	5.663953	10.605367	6.085677	3.9369216	9.567157	12.197951	9.519806	8.830305	6.634	6.971863	10.735123	10.193662	10.000084	9.784955	7.388234	10.795481	8.990524	12.278479	13.22489	7.313508	4.221111	11.451989	9.215767	8.695996	7.2162905	5.0162845	4.4078326	8.097147	7.74161	11.115689	8.435632	7.66273	9.331732	4.9441104	10.121981	6.678484	6.885872	8.348199	10.417002	10.911571	8.52702	10.398557	7.5777717	10.442407	4.668806	7.10998	7.661945	6.857147
19	1.9431201	2.0082698	1.9379143	1.9860088	2.0267873	1.8231636	1.7782845	1.97307	0.7442316	0.6427458	0.06930146	0.46246573	1.4077096	0.56435966	1.5187354	0.6239549	0.49259275	0.7424981	1.1069859	0.0	0.21495184	0.18528007	0.3191237	0.58127195	9.6295395	10.160497	9.2611685	8.229471	9.406336	9.122851	9.328713	9.349064	8.640122	8.910125	7.859778	9.07724	8.64862	9.323954	9.504044	9.376543	10.100426	9.201981	8.781568	8.873737	8.617714	7.36833	2.378568	4.0785904	5.122285	12.056876	5.863921	10.050801	9.688563	10.028557	4.0013843	6.0488157	4.117354	4.022034	5.192681	7.666462	5.83337	6.5149083	9.719308	7.12413	5.3877034	5.3462415	3.9968698	5.344144	4.11173	7.6927066	7.139145	10.492959	11.829909	9.99199	8.917088	5.0464993	9.499942	5.130344	3.2778833	8.477902	11.111872	8.41328	7.727567	5.6052637	5.979607	9.62814	9.108355	8.905907	8.705255	6.3353834	9.794461	7.898017	11.191328	12.141676	6.3337564	3.5406523	10.439704	8.208359	7.683783	6.1096272	4.431907	3.7601612	6.991993	6.6412697	10.058071	7.3452573	6.5600057	8.287546	4.3360567	9.016883	5.646515	5.787227	7.2549863	9.334279	9.856799	7.44754	9.456859	6.473486	9.336286	3.9659338	6.003054	6.5549755	5.7565613
20	2.072318	2.143956	2.065852	2.1185231	2.1639376	1.9584719	1.9424039	2.1028764	0.9241626	0.6997434	0.24711913	0.67258424	1.2629516	0.76496345	1.3531926	0.8059275	0.6967944	0.7970333	1.2259171	0.21495184	0.0	0.12415019	0.28987262	0.63840294	9.84264	10.375376	9.47565	8.441047	9.619867	9.333889	9.539721	9.563995	8.853532	9.119717	8.073394	9.292036	8.862508	9.537475	9.717986	9.586768	10.31348	9.41358	8.995704	9.085665	8.830066	7.5823913	2.1882405	3.9461129	4.982346	11.91316	5.730073	9.900061	9.539863	9.903981	4.1301937	5.910437	4.271208	4.1865315	5.073048	7.5095925	5.7678638	6.382954	9.541527	6.9709544	5.307241	5.2431865	3.8947039	5.1916375	4.264445	7.5059505	6.964159	10.326326	11.689275	9.825174	8.757994	5.1639237	9.408185	4.940841	3.396153	8.3413925	10.972725	8.305169	7.6080647	5.435726	5.7991548	9.526134	8.968521	8.77424	8.561217	6.1759024	9.617661	7.764611	11.05306	12.000338	6.150381	3.6521378	10.266254	8.03297	7.5096602	6.013163	4.558488	3.8774283	6.9020944	6.5176883	9.901544	7.209759	6.440663	8.124804	4.4583926	8.92636	5.4781713	5.661226	7.122315	9.192462	9.698912	7.3032417	9.266711	6.3865056	9.241773	4.069484	5.899435	6.454395	5.6335135
21	2.117778	2.1851966	2.1121154	2.1618586	2.2042007	1.9998208	1.9622217	2.1479685	0.81891394	0.5766148	0.2452363	0.59886056	1.2251611	0.6766901	1.333561	0.7029706	0.61367035	0.6744678	1.1028372	0.18528007	0.12415019	0.0	0.17557278	0.51503396	9.766361	10.309708	9.405893	8.360472	9.545208	9.251971	9.457717	9.499655	8.778448	9.03483	7.9992	9.225174	8.789438	9.462774	9.645109	9.503088	10.237021	9.332985	8.9238615	9.005934	8.751515	7.5102787	2.1955955	4.0695863	5.1050253	12.035123	5.853336	10.020903	9.66108	10.027807	4.1767554	6.033242	4.2998476	4.206381	5.197119	7.6292644	5.888392	6.506354	9.654469	7.0914383	5.4296064	5.367156	4.018596	5.31238	4.2939763	7.614597	7.078409	10.4432955	11.811663	9.942103	8.877088	5.217864	9.531648	5.0482016	3.4491785	8.464319	11.095307	8.429293	7.7321115	5.5520906	5.9112086	9.650117	9.091058	8.89761	8.683203	6.295049	9.731012	7.8878517	11.175744	12.122629	6.2609797	3.7093034	10.380904	8.146982	7.624201	6.1368513	4.6065793	3.9312096	7.0253778	6.641601	10.021198	7.332818	6.5647244	8.242989	4.5091715	9.04973	5.5949163	5.7850404	7.245635	9.31474	9.81826	7.4252305	9.373187	6.509541	9.365407	4.131318	6.0234356	6.5782924	5.7574644
22	2.2604063	2.3240113	2.2554362	2.30256	2.3421032	2.1392188	2.0813959	2.2902124	0.75907886	0.41871634	0.38785958	0.61854243	1.1082537	0.66337276	1.2375029	0.6534788	0.6145124	0.5129335	0.97020864	0.3191237	0.28987262	0.17557278	0.0	0.3595896	9.744365	10.305907	9.395402	8.33108	9.526144	9.219825	9.425356	9.49827	8.758853	8.997153	7.981444	9.21965	8.773388	9.443663	9.629153	9.467573	10.214591	9.303266	8.909911	8.977895	8.725706	7.496369	2.1276457	4.213227	5.2433195	12.168912	5.9950356	10.149835	9.79163	10.173794	4.317788	6.172044	4.4237366	4.321214	5.346934	7.753927	6.057204	6.648922	9.757978	7.219286	5.594608	5.5243583	4.17675	5.4416695	4.4187703	7.707458	7.1860356	10.558435	11.947606	10.057178	8.999484	5.3647857	9.692401	5.1390133	3.5962946	8.603533	11.232341	8.583654	7.881184	5.6663413	6.013249	9.806925	9.227975	9.039716	8.817344	6.4180913	9.835633	8.029132	11.313346	12.258057	6.3591304	3.8596063	10.489089	8.253701	7.732519	6.2963886	4.7487173	4.078609	7.187087	6.7888293	10.145497	7.4729624	6.7141743	8.362349	4.653703	9.210966	5.7103095	5.931271	7.387535	9.450277	9.941459	7.5595384	9.46044	6.672313	9.525173	4.2850513	6.1802077	6.73615	5.905287
23	2.4182675	2.4699771	2.4154081	2.454247	2.485231	2.2893763	2.1782887	2.446565	0.55083483	0.06223178	0.6446872	0.60571843	1.1360819	0.5724149	1.3114079	0.4872314	0.56493515	0.1620254	0.6202829	0.58127195	0.63840294	0.51503396	0.3595896	0.0	9.515642	10.107175	9.185925	8.091649	9.302336	8.975395	9.180456	9.304327	8.534776	8.744396	7.761123	9.018777	8.555131	9.219834	9.410376	9.217795	9.984866	9.062564	8.695028	8.740069	8.49162	7.2830024	2.2363217	4.572786	5.602168	12.526286	6.3544064	10.505357	10.147855	10.533381	4.456515	6.5309534	4.5125732	4.386349	5.7061496	8.107574	6.4003196	7.0083737	10.096998	7.5745134	5.9442096	5.8809824	4.532766	5.7977147	4.5101056	8.037587	7.528839	10.90613	12.30567	10.404875	9.351805	5.519082	10.046579	5.4685583	3.757261	8.9624605	11.590719	8.941678	8.240546	6.0142584	6.3520417	10.163829	9.586362	9.399095	9.174928	6.771063	10.175551	8.388417	11.671867	12.615961	6.6945167	4.02981	10.831744	8.595568	8.075719	6.651513	4.8893833	4.2383513	7.540397	7.148364	10.498767	7.8320823	7.073471	8.712973	4.802201	9.564719	6.058953	6.290848	7.746907	9.808275	10.29415	7.9172277	9.784629	7.02456	9.880153	4.465462	6.537083	7.092414	6.264769
24	8.9222145	8.82593	8.93796	8.870621	8.802021	8.89516	8.5957155	8.905985	8.991628	9.495558	9.615221	9.170809	10.55549	9.091542	10.764175	9.09151	9.152697	9.472192	9.012067	9.6295395	9.84264	9.766361	9.744365	9.515642	0.0	1.1794305	0.7231912	1.4610716	0.27310756	0.7604956	0.65372044	1.1612347	0.9949422	1.1265932	1.7781239	1.0396754	1.023756	0.34136927	0.35579494	0.79788464	0.47112125	0.60905975	0.94218487	0.83005404	1.036749	2.2867255	11.676004	12.910315	13.913487	20.392265	14.478952	18.640705	18.256992	18.064482	8.519382	14.714645	7.867153	7.5983067	13.680323	16.507431	13.290652	15.02593	18.844069	15.937734	13.216019	13.552439	12.466217	14.288222	7.899402	17.017378	16.302605	19.382915	20.106705	18.903664	17.728903	8.826802	16.848494	14.557006	8.807828	16.887068	19.395182	16.255669	15.878494	14.763841	15.2668495	17.197105	17.535425	17.183805	17.243479	15.304004	18.899412	16.297253	19.450396	20.418371	15.647834	8.918951	19.463741	17.3383	16.812252	14.065822	8.552954	8.792507	14.670497	14.994157	18.76478	15.833914	14.849088	17.197033	8.661806	16.40003	14.786521	14.288165	15.701508	17.785645	18.599995	16.08418	18.799864	14.189768	16.768728	9.085027	14.102396	14.508955	14.214743
25	9.248627	9.148197	9.26438	9.193724	9.123001	9.238419	8.964829	9.229213	9.567968	10.093314	10.139031	9.710849	11.186712	9.644216	11.3887	9.659823	9.699876	10.08013	9.644529	10.160497	10.375376	10.309708	10.305907	10.107175	1.1794305	0.0	0.9818072	2.386222	1.1585047	1.9123222	1.8312302	0.82025635	1.7617991	2.2755554	2.4276633	1.0896492	1.664961	1.2143215	0.9630241	1.9767016	1.0955377	1.7583833	1.4975849	1.8742878	1.9718368	2.8500817	12.311834	13.189974	14.160578	20.453074	14.681825	18.770847	18.387642	18.101486	8.583452	14.921461	7.934218	7.6943336	13.881386	16.716982	13.3532295	15.198793	19.09394	16.150328	13.3326	13.7131405	12.702194	14.556312	7.965934	17.341578	16.588785	19.56939	20.159626	19.099897	17.915976	8.747418	16.799322	14.939582	8.964027	17.007536	19.457584	16.293217	15.973015	15.069875	15.598703	17.174112	17.649128	17.27618	17.382227	15.558931	19.143507	16.425966	19.507689	20.467857	15.982788	9.039155	19.681923	17.60412	17.083523	14.173863	8.557343	8.885178	14.720722	15.140804	18.917347	15.986891	14.988512	17.411999	8.678383	16.365274	15.087839	14.475887	15.849536	17.900236	18.762123	16.259857	19.115791	14.259088	16.733543	9.149379	14.230924	14.604372	14.39713
26	8.438821	8.340287	8.4546	8.385481	8.315694	8.420174	8.133435	8.420978	8.651239	9.169952	9.24242	8.807458	10.253679	8.736051	10.4579525	8.746047	8.793812	9.153386	8.7095	9.2611685	9.47565	9.405893	9.395402	9.185925	0.7231912	0.9818072	0.0	1.42616	0.48313597	1.1695375	1.1830579	0.5001457	0.7891347	1.4897116	1.4555624	0.31832126	0.6831683	0.46747068	0.37969673	1.3602196	1.0627497	1.0350507	0.51646954	1.0108491	1.0346026	1.9044949	11.378285	12.4097805	13.398821	19.805305	13.945191	18.079382	17.695684	17.46797	7.922687	14.18277	7.269993	7.0111413	13.1451235	15.977948	12.700142	14.47986	18.333717	15.409222	12.645777	13.0001545	11.94519	13.783487	7.302131	16.541237	15.807729	18.845013	19.516771	18.369698	17.190464	8.183876	16.22265	14.108958	8.247221	16.32102	18.8084	15.658373	15.30183	14.277427	14.793429	16.579802	16.967094	16.607101	16.684874	14.793962	18.386473	15.734103	18.861776	19.827324	15.176204	8.344207	18.93953	16.834503	16.310688	13.493014	7.9356155	8.206952	14.076655	14.437307	18.212524	15.28021	14.289226	16.670305	8.048784	15.778503	14.297852	13.747777	15.145707	17.21779	18.051575	15.540002	18.320557	13.602486	16.147266	8.489599	13.537616	13.931668	13.672041
27	7.6428804	7.550331	7.658478	7.59403	7.527539	7.604645	7.2907267	7.6289864	7.5748825	8.069412	8.218392	7.768462	9.116654	7.684065	9.326942	7.677602	7.7473273	8.042619	7.575731	8.229471	8.441047	8.360472	8.33108	8.091649	1.4610716	2.386222	1.42616	0.0	1.3025943	0.90109736	1.1063714	1.8337984	0.64123774	0.7894022	0.65162444	1.4850123	0.78751045	1.2256681	1.4651926	1.1825348	1.9162314	0.97253853	0.9543169	0.6496986	0.43065304	1.0973768	10.234436	11.6378355	12.658958	19.256708	13.253335	17.455446	17.07237	16.954939	7.4562726	13.48529	6.8131175	6.523044	12.4593725	15.270203	12.18088	13.820132	17.573906	14.7000885	12.062174	12.362231	11.2259445	13.0181055	6.8452234	15.70454	15.014755	18.15472	18.978226	17.66966	16.504204	7.896189	15.818445	13.216204	7.6597486	15.714331	18.260876	15.152245	14.729788	13.467676	13.953482	16.142197	16.365871	16.0321	16.055645	14.03931	17.632925	15.120155	18.320078	19.291914	14.33167	7.7999544	18.213438	16.061	15.532677	12.914311	7.545044	7.699384	13.5635395	13.808223	17.56247	14.639984	13.669292	15.954126	7.6404276	15.358917	13.493254	13.074352	14.511793	16.614649	17.391077	14.8725395	17.488602	13.069272	15.72641	8.012959	12.93444	13.365451	13.005174
28	8.672464	8.575695	8.688221	8.620501	8.5516405	8.647123	8.35024	8.655903	8.775279	9.283328	9.390902	8.948669	10.350111	8.871358	10.557676	8.873897	8.931679	9.261758	8.805767	9.406336	9.619867	9.545208	9.526144	9.302336	0.27310756	1.1585047	0.48313597	1.3025943	0.0	0.76784253	0.7325563	0.96059376	0.7675676	1.123572	1.5468119	0.78975517	0.7706295	0.082503796	0.19843343	0.90352863	0.7160345	0.6172975	0.67503995	0.7238399	0.8720349	2.0477011	11.472148	12.657947	13.658492	20.125566	14.220479	18.377792	17.994064	17.796452	8.250742	14.4565325	7.5983686	7.3306894	13.42152	16.24989	13.023198	14.7653475	18.590302	15.680329	12.951413	13.290695	12.209855	14.035191	7.6306095	16.770475	16.05174	19.124014	19.839592	18.645447	17.469822	8.554179	16.57726	14.315985	8.544161	16.623325	19.128479	15.98748	15.613099	14.514559	15.020355	16.92668	17.27136	16.918463	16.98094	15.050035	18.645144	16.033937	19.183445	20.151117	15.401763	8.653221	19.207352	17.085726	16.560081	13.800893	8.282142	8.52529	14.402682	14.731774	18.503363	15.572102	14.586208	16.940044	8.391413	16.129177	14.536777	14.028505	15.439342	17.521664	18.33922	15.823997	18.552431	13.922792	16.497887	8.816607	13.838691	14.243396	13.954674
29	8.540252	8.44721	8.555872	8.49105	8.424267	8.503229	8.190505	8.526071	8.462554	8.951942	9.112675	8.661369	9.989258	8.575341	10.200842	8.566435	8.639287	8.923035	8.4515295	9.122851	9.333889	9.251971	9.219825	8.975395	0.7604956	1.9123222	1.1695375	0.90109736	0.76784253	0.0	0.20597243	1.6695106	0.80088264	0.36658806	1.4344418	1.4077063	0.94940436	0.73413396	0.96564734	0.30934992	1.1297622	0.15410286	1.0009567	0.32611775	0.59616405	1.9398273	11.103807	12.535437	13.554521	20.13064	14.144615	18.340076	17.9568	17.821804	8.303181	14.377243	7.6559486	7.371963	13.349648	16.163725	13.045921	14.708004	18.471922	15.593583	12.938322	13.24659	12.119093	13.915654	7.688167	16.60543	15.914214	19.047234	19.85038	18.563017	17.395935	8.698744	16.66227	14.117092	8.531262	16.59598	19.134298	16.016914	15.605729	14.367638	14.854342	16.99362	17.246984	16.909119	16.940523	14.936373	18.530554	16.00259	19.192543	20.163635	15.232622	8.663854	19.109163	16.959614	16.431461	13.790271	8.374168	8.555759	14.428512	14.692157	18.450434	15.525762	14.551896	16.848585	8.474237	16.20591	14.393013	13.963516	15.396693	17.496128	18.280224	15.76173	18.38948	13.937586	16.573923	8.863493	13.814206	14.239667	13.893538
30	8.743069	8.649832	8.758698	8.693727	8.62683	8.706571	8.394444	8.728771	8.668003	9.156876	9.318582	8.8672085	10.192984	8.781077	10.404724	8.771982	8.845068	9.127738	8.655717	9.328713	9.539721	9.457717	9.425356	9.180456	0.65372044	1.8312302	1.1830579	1.1063714	0.7325563	0.20597243	0.0	1.6795832	0.94882196	0.51224035	1.6245295	1.451399	1.079444	0.72079057	0.9208866	0.17870641	0.96521825	0.18919727	1.1033511	0.5051414	0.7824718	2.1338425	11.307067	12.738271	13.75651	20.32548	14.345039	18.538227	18.154894	18.01466	8.491598	14.577897	7.843519	7.561138	13.549751	16.36491	13.238507	14.907277	18.674889	15.794765	13.134069	13.444789	12.320219	14.11845	7.875756	16.810125	16.117907	19.248018	20.044703	18.764112	17.596458	8.8761215	16.848839	14.32256	8.726083	16.793234	19.329014	16.209225	15.801297	14.571627	15.059008	17.18222	17.444057	17.104961	17.138779	15.13895	18.733345	16.200104	19.386972	20.357822	15.437396	8.856602	19.311155	17.162868	16.634804	13.98592	8.558126	8.746551	14.62099	14.890176	18.649662	15.724338	14.749506	17.05011	8.659327	16.393358	14.596882	14.163233	15.594995	17.693308	18.47985	15.961413	18.594158	14.131031	16.761488	9.052712	14.010982	14.434787	14.092993
31	8.428968	8.328639	8.444725	8.37415	8.303477	8.418375	8.144577	8.409644	8.763248	9.291536	9.326806	8.900871	10.38998	8.835952	10.590474	8.853777	8.890825	9.280169	8.849879	9.349064	9.563995	9.499655	9.49827	9.304327	1.1612347	0.82025635	0.5001457	1.8337984	0.96059376	1.6695106	1.6795832	0.0	1.1969297	1.9846569	1.714082	0.35379398	1.0480094	0.9594683	0.8068767	1.8555683	1.3894213	1.5349654	0.8794822	1.4965526	1.4813083	2.0847998	11.515002	12.373715	13.347306	19.670528	13.873528	17.97453	17.591127	17.323393	7.7926044	14.112764	7.1417646	6.896276	13.073021	15.908476	12.567322	14.3946495	18.281477	15.341306	12.536466	12.910145	11.889516	13.741286	7.173635	16.523277	15.772754	18.764555	19.37869	18.293644	17.110676	7.9911137	16.04219	14.119376	8.158405	16.212343	18.67441	15.514259	15.1821575	14.252274	14.779855	16.41017	16.855352	16.486238	16.584051	14.74529	18.331636	15.629147	18.725616	19.687761	15.163849	8.238972	18.87303	16.789911	16.268755	13.379683	7.7791257	8.089449	13.93821	14.340561	18.11738	15.185978	14.18936	16.603014	7.897595	15.604033	14.270526	13.669444	15.049346	17.106382	17.960634	15.455674	18.298122	13.472343	15.972598	8.359266	13.433224	13.812722	13.591369
32	7.9323964	7.8366013	7.9481273	7.881169	7.8128448	7.903862	7.602754	7.916491	8.007789	8.515807	8.625052	8.182138	9.583536	8.104375	9.790855	8.106521	8.164872	8.494376	8.039061	8.640122	8.853532	8.778448	8.758853	8.534776	0.9949422	1.7617991	0.7891347	0.64123774	0.7675676	0.80088264	0.94882196	1.1969297	0.0	0.960557	0.7833506	0.85327387	0.17855492	0.6850642	0.8893969	1.10215	1.4653364	0.7609552	0.32178748	0.48544404	0.31387907	1.2926186	10.705897	11.922854	12.929532	19.441076	13.50131	17.674376	17.29075	17.121069	7.584198	13.736217	6.933761	6.657304	12.703512	15.527668	12.34503	14.053231	17.85801	14.957757	12.256761	12.583224	11.48471	13.301469	6.9660306	16.024866	15.313277	18.405735	19.1577	17.925062	16.752254	7.94144	15.9326935	13.562296	7.8466997	15.923795	18.444143	15.313619	14.921927	13.773125	14.274141	16.272314	16.573246	16.226774	16.276108	14.318421	17.914038	15.332575	18.500637	19.470093	14.654876	7.9664764	18.481653	16.3508	15.824302	13.107669	7.6372538	7.847916	13.726558	14.026628	17.793905	14.86452	13.883178	16.216164	7.741428	15.47991	13.7962055	13.313253	14.733193	16.823116	17.627388	15.110323	17.807648	13.241209	15.848338	8.147763	13.139495	13.553401	13.240843
