	0	1	2	3	4	5	6	7	8	9	10	11	12	13	14	15	16	17	18	19	20	21	22	23	24	25	26	27	28	29	30	31	32	33	34	35	36	37	38	39	40	41	42	43	44	45	46	47	48	49	50	51	52	53	54	55	56	57	58	59	60	61	62	63	64	65	66	67	68	69	70	71	72	73	74	75	76	77	78	79	80	81	82	83	84	85	86	87	88	89	90	91	92	93	94	95	96	97	98	99	100	101	102	103	104	105	106	107	108	109	110	111	112	113	114	115	116	117	118	119	120	121	122
0	0.0	0.032349393	0.07476388	0.06289526	0.019365983	0.04221024	0.46831116	0.11899533	5.4974174	5.983445	5.4448442	5.4961123	6.8503284	5.59523	6.9222465	5.752085	5.5196853	6.142607	6.1987095	5.855333	5.635823	5.7092338	5.932649	6.056889	6.982423	8.195565	7.3562965	6.0410066	7.03475	6.298229	6.398046	7.690225	6.7249823	5.997933	6.3008704	7.544294	6.8343596	6.9475656	7.2140117	6.30047	7.530942	6.479704	6.9977183	6.433747	6.389932	6.2809806	7.8059335	7.1541924	7.54351	12.2756	6.9564996	11.062021	10.573874	10.842077	1.2938327	6.960053	1.8440759	1.9364849	6.6636643	8.741352	5.516849	7.187865	10.98676	8.140265	5.9689	6.425498	6.580052	7.29804	1.8218226	8.985309	8.365159	11.610909	11.990603	11.232513	9.998669	2.503889	9.881267	7.038697	1.3337146	9.057159	11.240705	8.410554	8.279944	6.9250784	7.35425	10.136494	9.744045	9.360884	9.534728	7.469809	11.07581	8.683565	11.308791	12.258056	7.7805343	1.309023	11.858391	9.37215	8.881982	5.947708	1.8607001	1.2421342	5.6800766	7.3303566	11.094485	8.097885	7.073765	9.356015	1.6385095	9.5963335	6.872971	6.5658097	7.969513	9.95716	10.90264	8.340653	10.459256	5.6589823	9.8585825	1.499631	6.1510153	6.1537232	6.5416894
1	0.032349393	0.0	0.044801466	0.032961376	0.02987363	0.07280046	0.49953496	0.08667997	5.5147333	5.999193	5.46225	5.5117154	6.8645163	5.6104345	6.935687	5.7674656	5.5354595	6.1598883	6.217327	5.8709517	5.654443	5.727566	5.950126	6.0739045	7.0039916	8.218219	7.37984	6.066344	7.057994	6.3209934	6.4202447	7.7123494	6.750146	6.020574	6.3278217	7.568189	6.859583	6.9702635	7.2373867	6.3220773	7.5563703	6.5022736	7.0225835	6.4576516	6.414508	6.309225	7.816511	7.133119	7.525617	12.269705	6.9430323	11.046959	10.55924	10.825186	1.2621188	6.9491286	1.8146969	1.908988	6.647114	8.730133	5.4983983	7.173142	10.976806	8.123292	5.950674	6.4086137	6.557871	7.2809086	1.7922744	8.9806185	8.357957	11.598874	11.985046	11.220577	9.987228	2.471548	9.860847	7.0369654	1.3027513	9.0436325	11.234631	8.400568	8.265074	6.9185643	7.349237	10.117274	9.731267	9.347574	9.521519	7.4611025	11.065602	8.668434	11.30291	12.252731	7.7753725	1.2775882	11.846657	9.364786	8.8744955	5.9347706	1.8284681	1.2100106	5.6671333	7.3166475	11.080745	8.084818	7.059398	9.346192	1.6062334	9.575982	6.866285	6.5549574	7.957528	9.942621	10.889387	8.323817	10.454649	5.6488175	9.838645	1.46833	6.1385927	6.139603	6.530824
2	0.07476388	0.044801466	0.0	0.011939903	0.06350368	0.1098136	0.5328587	0.050330367	5.5176787	5.999594	5.465346	5.5119123	6.862448	5.609998	6.932475	5.7672977	5.535926	6.1627474	6.2223954	5.8711543	5.659541	5.7321777	5.9533143	6.0763345	7.0463376	8.261186	7.4232726	6.1105504	7.101277	6.364027	6.462964	7.7550197	6.7942867	6.0635424	6.372484	7.6117907	6.903746	7.0132585	7.280735	6.36445	7.6006064	6.5452003	7.0666084	6.501261	6.458416	6.3540263	7.809034	7.0911674	7.485926	12.241322	6.9070945	11.009565	10.5222225	10.786264	1.2283891	6.9155974	1.7886827	1.8876818	6.6085033	8.696288	5.4583044	7.136077	10.944184	8.084322	5.9107437	6.369734	6.5152397	7.2418194	1.7657987	8.953602	8.328207	11.564222	11.957034	11.186021	9.953157	2.4319532	9.819313	7.013391	1.2589514	9.007615	11.206062	8.367943	8.227867	6.8895807	7.32189	10.076575	9.6959305	9.311752	9.485787	7.429792	11.032728	8.630998	11.2745495	12.224975	7.7478514	1.2343972	11.812291	9.33485	8.844438	5.8993397	1.7914528	1.168623	5.6317034	7.2804847	11.044518	8.049232	7.02265	9.313718	1.5687897	9.534495	6.8371167	6.5215044	7.9229574	9.905691	10.853605	8.284957	10.427706	5.6160674	9.797439	1.4249363	6.103639	6.103089	6.4973593
3	0.06289526	0.032961376	0.011939903	0.0	0.052348405	0.098731324	0.52299726	0.05969247	5.515545	5.998134	5.4631724	5.5105033	6.8616476	5.608758	6.93198	5.7659874	5.534446	6.1606402	6.2197094	5.869746	5.656844	5.729608	5.9511194	6.07434	7.035549	8.250176	7.412091	6.099055	7.0901513	6.352993	6.452044	7.7441173	6.78282	6.052532	6.3607583	7.6005435	6.8922696	7.002239	7.269585	6.353652	7.589098	6.5342054	7.055191	6.490011	6.447047	6.342163	7.809687	7.1018114	7.49582	12.247807	6.9158134	11.018737	10.531277	10.795915	1.2381301	6.923589	1.7965803	1.8944107	6.6180515	8.704377	5.4683266	7.145143	10.951911	8.093986	5.9207134	6.379367	6.526122	7.25152	1.7738092	8.95969	8.335085	11.5725565	11.963412	11.194325	9.961315	2.443044	9.829816	7.018491	1.2708266	9.016361	11.212601	8.375667	8.236978	6.896233	7.328069	10.086799	9.70447	9.320438	9.494447	7.437126	11.040528	8.640181	11.281028	12.231279	7.7540817	1.2461807	11.8205385	9.3417845	8.851407	5.9079022	1.8019707	1.1800716	5.640265	7.2892733	11.053329	8.057845	7.0316176	9.321399	1.5793998	9.544982	6.843822	6.529472	7.931263	9.914718	10.862281	8.294586	10.433774	5.623823	9.807831	1.436753	6.112057	6.1119833	6.50533
4	0.019365983	0.02987363	0.06350368	0.052348405	0.0	0.04638292	0.4718314	0.11147498	5.4869504	5.9720755	5.434431	5.484661	6.8381233	5.583561	6.909661	5.7405124	5.508329	6.1321216	6.189047	5.843891	5.6261606	5.6993895	5.92228	6.0462456	7.0009704	8.213835	7.374301	6.058346	7.05285	6.3164716	6.416441	7.7086363	6.742393	6.01621	6.317415	7.5621815	6.851746	6.9658256	7.2320704	6.31901	7.5482383	6.498	7.0152507	6.4516344	6.4075785	6.2967033	7.7920027	7.1355577	7.524368	12.256844	6.9371333	11.042679	10.554521	10.822839	1.2893686	6.9407644	1.8440275	1.9387919	6.6444016	8.722049	5.4977746	7.1685133	10.967538	8.121034	5.9497976	6.4062605	6.5616803	7.278823	1.821531	8.966746	8.346217	11.591571	11.971899	11.213179	9.979354	2.4953766	9.862496	7.020717	1.3209342	9.037794	11.221921	8.391328	8.260596	6.906228	7.335631	10.117519	9.724688	9.341518	9.515364	7.450695	11.056569	8.664226	11.290036	12.239389	7.761891	1.2970647	11.839064	9.353189	8.863006	5.928347	1.8541214	1.2320782	5.660715	7.310991	11.075119	8.078522	7.0544057	9.3368025	1.631619	9.57755	6.8540964	6.546525	7.950176	9.937804	10.883276	8.321411	10.440709	5.639742	9.839725	1.4874016	6.1316643	6.1343603	6.5224037
5	0.04221024	0.07280046	0.1098136	0.098731324	0.04638292	0.0	0.4267365	0.15766895	5.4619102	5.949278	5.409262	5.462082	6.8175497	5.5615535	6.8901587	5.718248	5.4855037	6.107118	6.162124	5.821282	5.599243	5.672885	5.896999	6.021625	6.9705153	8.181777	7.340966	6.022425	7.019958	6.2842975	6.3850865	7.677359	6.7067094	5.984225	6.2791257	7.528331	6.8159738	6.9337306	7.1989837	6.288519	7.512153	6.466104	6.9799976	6.417794	6.3727612	6.256513	7.7765965	7.165646	7.5498767	12.265034	6.9563003	11.064058	10.575291	10.846851	1.3348397	6.9562774	1.8862836	1.9784402	6.668007	8.73794	5.524151	7.189477	10.981576	8.145208	5.9758334	6.430353	6.593375	7.3032446	1.8640213	8.97325	8.356345	11.608592	11.979607	11.230063	9.995542	2.5417461	9.891596	7.0230165	1.3654727	9.056996	11.230379	8.405455	8.281746	6.915405	7.3426375	10.144889	9.742803	9.360403	9.534101	7.463006	11.070971	8.68574	11.298218	12.246758	7.7690997	1.3422446	11.855649	9.36353	8.873529	5.94679	1.9003382	1.2781817	5.679178	7.3304935	11.094599	8.097083	7.0748606	9.350677	1.677894	9.606555	6.8635225	6.561948	7.967185	9.9584465	10.902058	8.345384	10.447071	5.6542153	9.868132	1.5323743	6.1493583	6.1544933	6.5378466
6	0.46831116	0.49953496	0.5328587	0.52299726	0.4718314	0.4267365	0.0	0.5826897	5.159574	5.664051	5.106001	5.179528	6.549034	5.283445	6.6303067	5.437746	5.2009034	5.8040338	5.843946	5.5377984	5.281899	5.3586473	5.5920324	5.7216997	6.7898088	7.9812293	7.126792	5.7795944	6.8114095	6.0853443	6.1953096	7.4863014	6.46559	5.7880783	6.006173	7.307874	6.5736103	6.7344956	6.987903	6.108706	7.265053	6.269982	6.7436657	6.1991925	6.1426363	5.9585433	7.549565	7.364927	7.701232	12.242914	7.045394	11.17002	10.675575	10.97948	1.7611142	7.009878	2.30792	2.3903832	6.8016605	8.792317	5.688416	7.2958307	11.01578	8.282182	6.135502	6.569385	6.810541	7.443963	2.2863746	8.938456	8.356238	11.671159	11.953182	11.291583	10.051368	2.9549828	10.077486	6.9526434	1.7475749	9.143278	11.211513	8.443281	8.38824	6.908877	7.314999	10.312501	9.817663	9.443211	9.6152725	7.4849987	11.108593	8.795349	11.276716	12.217001	7.7425885	1.7330779	11.913795	9.364135	8.87646	6.0311294	2.3223388	1.6846924	5.764467	7.422193	11.181668	8.178317	7.1763964	9.384885	2.0990453	9.791692	6.8594437	6.6155314	8.033478	10.058009	10.9824	8.480062	10.409377	5.7010946	10.046777	1.9190958	6.2258897	6.254829	6.5916705
7	0.11899533	0.08667997	0.050330367	0.05969247	0.11147498	0.15766895	0.5826897	0.0	5.5578294	6.037945	5.5056	5.5501328	6.8989215	5.64775	6.96805	5.805241	5.5743403	6.2028174	6.2639174	5.909365	5.7010984	5.773422	5.993614	6.1161146	7.065545	8.282447	7.4463224	6.1373196	7.123742	6.385581	6.483412	7.7752657	6.820666	6.0848722	6.4027214	7.63554	6.9302444	7.0346513	7.303454	6.3837657	7.627514	6.566365	7.092356	6.525073	6.483592	6.387228	7.8410163	7.073587	7.4743114	12.249751	6.903355	11.002885	10.516301	10.776345	1.1784402	6.9161534	1.7386678	1.8387678	6.5993733	8.696249	5.445803	7.1301475	10.946152	8.074348	5.8986177	6.3600206	6.495516	7.2316027	1.7157158	8.964016	8.33472	11.562719	11.965999	11.184692	9.952698	2.3849108	9.802894	7.028408	1.21881	9.003659	11.214241	8.369959	8.221619	6.897276	7.3318977	10.062414	9.693227	9.308157	9.482359	7.433948	11.034275	8.624276	11.283027	12.234295	7.7576003	1.1925383	11.811286	9.341057	8.850473	5.8965907	1.7426745	1.1235343	5.6289716	7.2763047	11.040129	8.046108	7.017349	9.315958	1.5202315	9.518213	6.844544	6.52221	7.9216743	9.899955	10.850056	8.275222	10.438187	5.617998	9.781935	1.3835642	6.101747	6.0982857	6.498046
8	5.4974174	5.5147333	5.5176787	5.515545	5.4869504	5.4619102	5.159574	5.5578294	0.0	0.5834067	0.055561554	0.33855054	1.5130562	0.4304685	1.6531403	0.46568772	0.30667827	0.64521605	0.75683475	0.4974412	0.30404553	0.29950857	0.43662837	0.56288904	10.010817	10.875927	9.999864	8.6037035	9.783103	9.25501	9.425161	10.528135	9.176171	9.03106	8.465455	10.0940485	9.252445	9.8022	9.910264	9.433476	9.779891	9.434504	9.455663	9.175091	9.020016	8.129834	2.7591252	7.639665	7.298187	9.048379	6.073957	9.584258	9.082428	9.7512245	6.455961	5.6246634	7.1118913	7.284787	6.4413285	6.9479647	6.08984	6.4549546	8.581579	7.563112	6.310989	6.350043	7.4525733	6.977966	7.0818667	6.0010757	5.9481964	9.499582	8.735828	9.149527	8.00388	7.116066	9.657441	4.0863442	5.995102	7.6199594	8.146602	6.4727964	7.268474	4.835074	4.8500123	9.620975	8.037544	7.8229847	7.9455347	5.5689793	8.703745	7.6276	8.175846	8.941962	5.167932	6.0462303	9.664345	6.7677226	6.3959928	5.3822722	6.7832546	6.1360526	5.2460413	6.367259	9.3618765	6.7972064	6.3133044	7.184946	6.595847	9.404594	4.8330326	5.3704305	6.5055537	8.544001	9.104847	7.6891923	7.222771	4.7779026	9.536724	6.123502	5.4045253	5.698429	5.358462
9	5.983445	5.999193	5.999594	5.998134	5.9720755	5.949278	5.664051	6.037945	0.5834067	0.0	0.6368893	0.4882891	0.93368727	0.40400392	1.0697895	0.24374032	0.46377954	0.37093067	0.67461896	0.13100447	0.70120066	0.61424005	0.3750887	0.2838072	10.590279	11.447408	10.573197	9.180341	10.358987	9.83513	10.005712	11.103603	9.748624	9.61238	9.035182	10.665156	9.823913	10.379728	10.484864	10.015022	10.345147	10.014224	10.027151	9.752603	9.596282	8.694017	2.1787403	7.5725255	7.1605306	8.558886	5.9103255	9.258641	8.763357	9.46325	6.89024	5.426283	7.546422	7.728338	6.3401957	6.642328	6.0992975	6.2924786	8.1756	7.379172	6.282093	6.2704864	7.4345455	6.8432226	7.515835	5.581736	5.5988994	9.110719	8.246635	8.768185	7.650705	7.483252	9.462695	3.7503903	6.402985	7.3370094	7.6782546	6.164522	7.0438986	4.579463	4.535315	9.395849	7.7150483	7.5238323	7.6379137	5.300159	8.299381	7.3875203	7.7034745	8.4456415	4.823252	6.4577985	9.265266	6.3734555	6.0247617	5.296917	7.187619	6.5564513	5.1867375	6.18075	9.013287	6.5540957	6.1536274	6.8298693	7.008012	9.218104	4.5846047	5.2042828	6.253139	8.243079	8.75341	7.493119	6.7524796	4.6951385	9.333774	6.5231695	5.2945623	5.6074023	5.194617
10	5.4448442	5.46225	5.465346	5.4631724	5.434431	5.409262	5.106001	5.5056	0.055561554	0.6368893	0.0	0.3585744	1.5676049	0.46056533	1.7066678	0.5094614	0.3309804	0.69820344	0.79879993	0.5475383	0.3155724	0.32699826	0.4880688	0.61731654	9.959812	10.8270645	9.950574	8.553577	9.733164	9.203784	9.373776	10.478296	9.1271105	8.979369	8.417044	10.045285	9.203615	9.7518015	9.860659	9.381683	9.732405	9.383416	9.406824	9.124704	8.969985	8.08262	2.8108494	7.632458	7.2978535	9.08537	6.0766363	9.602436	9.099994	9.765409	6.406571	5.6309867	7.062411	7.234692	6.437791	6.964615	6.076043	6.457353	8.608708	7.5672317	6.300663	6.3444834	7.44081	6.9774594	7.0324273	6.0302753	5.9697843	9.524659	8.772812	9.173818	8.025297	7.071394	9.662147	4.107598	5.947624	7.634063	8.181072	6.489878	7.276734	4.8475823	4.8685207	9.628735	8.055678	7.838718	7.962124	5.582389	8.730674	7.6373177	8.210802	8.979835	5.1893797	5.9984803	9.690544	6.7939143	6.4197745	5.377765	6.735906	6.0876637	5.2391443	6.372057	9.382553	6.807491	6.315489	7.20676	6.547971	9.408525	4.844822	5.373729	6.516886	8.559757	9.125873	7.694478	7.257613	4.773564	9.542272	6.076595	5.40236	5.694281	5.361543
11	5.4961123	5.5117154	5.5119123	5.5105033	5.484661	5.462082	5.179528	5.5501328	0.33855054	0.4882891	0.3585744	0.0	1.3869897	0.12591696	1.4981109	0.2596529	0.040893067	0.7361327	0.9529561	0.35924265	0.6289517	0.59598297	0.58309704	0.63291997	10.23217	11.118523	10.2388115	8.83498	10.015889	9.474031	9.64221	10.761722	9.417421	9.244458	8.712536	10.3376875	9.49572	10.030266	10.1462755	9.645421	10.034003	9.655089	9.698802	9.403486	9.252112	8.386422	2.5624783	7.3328314	6.975788	8.742236	5.7464967	9.245954	8.743993	9.412924	6.4037986	5.292192	7.0600524	7.2411027	6.125791	6.609424	5.803643	6.1278834	8.251074	7.233302	6.0134587	6.0393453	7.159039	6.655952	7.029524	5.6742277	5.611496	9.166239	8.429688	8.815275	7.667072	7.010017	9.326687	3.749391	5.920234	7.2816925	7.832354	6.1342874	6.93379	4.4974585	4.511768	9.286679	7.699223	7.48445	7.606992	5.2309594	8.3729315	7.291638	7.863058	8.639067	4.831126	5.9744287	9.332463	6.43586	6.0612035	5.069365	6.7057495	6.071719	4.9392686	6.0366383	9.024606	6.460849	5.9866037	6.8484173	6.5246964	9.074915	4.4957957	5.042134	6.168511	8.205463	8.767786	7.357803	6.909729	4.4648848	9.204897	6.041996	5.086284	5.3845396	5.0305057
12	6.8503284	6.8645163	6.862448	6.8616476	6.8381233	6.8175497	6.549034	6.8989215	1.5130562	0.93368727	1.5676049	1.3869897	0.0	1.2735053	0.19002637	1.1281439	1.3728181	1.0022242	1.2242013	1.0433081	1.5652949	1.4697349	1.1805526	1.0206876	11.494395	12.329429	11.460239	10.076705	11.252763	10.741633	10.913637	11.995959	10.633924	10.523238	9.914497	11.546663	10.706776	11.278064	11.37519	10.926671	11.2133465	10.919351	10.909941	10.651142	10.491437	9.56133	1.3006926	7.697036	7.175863	7.8969955	5.902747	8.922127	8.442747	9.194463	7.700643	5.3697205	8.3547535	8.546049	6.427881	6.369599	6.3634057	6.279714	7.691795	7.3137174	6.484785	6.3940034	7.637598	6.867888	8.323644	5.0992494	5.2597	8.654401	7.586928	8.328878	7.2754507	8.214264	9.358126	3.4930143	7.1865487	7.097108	7.0677805	5.8942738	6.9124765	4.44437	4.2902575	9.239298	7.3975577	7.2519403	7.349055	5.1207976	7.81789	7.2242346	7.084046	7.76902	4.510824	7.245166	8.787894	5.9315076	5.63446	5.4311333	7.9634137	7.353086	5.3646564	6.1291046	8.635311	6.397044	6.14807	6.4601183	7.793432	9.129577	4.4624505	5.2083573	6.0843515	7.96056	8.371928	7.405429	6.1448274	4.8497467	9.21612	7.2968936	5.3893447	5.725471	5.2028294
13	5.59523	5.6104345	5.609998	5.608758	5.583561	5.5615535	5.283445	5.64775	0.4304685	0.40400392	0.46056533	0.12591696	1.2735053	0.0	1.3791999	0.16082074	0.13471317	0.7005816	0.9486218	0.27338108	0.6984275	0.6506728	0.5791204	0.59640247	10.358043	11.243674	10.364146	8.960613	10.141484	9.599926	9.768119	10.887295	9.5426235	9.370375	8.837358	10.462766	9.620807	10.156008	10.271746	9.771334	10.158299	9.78097	9.8239	9.529213	9.377723	8.510449	2.4377062	7.30238	6.929939	8.627567	5.6946335	9.161772	8.660992	9.3363085	6.4896994	5.232674	7.1457596	7.3289557	6.0876145	6.5284033	5.7899675	6.0764265	8.151141	7.1776505	5.991213	6.0058765	7.139397	6.610639	7.1151047	5.5708203	5.5213094	9.0697565	8.315009	8.720144	7.577049	7.0794373	9.269247	3.660112	5.9999228	7.2055144	7.7210665	6.0525146	6.8695035	4.4253287	4.4275856	9.2229	7.6152453	7.4050674	7.52595	5.15667	8.273334	7.2242517	7.751087	8.523254	4.741287	6.054987	9.234087	6.3374867	5.9670258	5.034283	6.7842455	6.154381	4.9099326	5.9800153	8.935854	6.3925247	5.9356914	6.7577243	6.605156	9.019161	4.4251604	4.9893703	6.098131	8.125947	8.678416	7.299627	6.79784	4.430095	9.145718	6.1196322	5.045779	5.348329	4.978232
14	6.9222465	6.935687	6.932475	6.93198	6.909661	6.8901587	6.6303067	6.96805	1.6531403	1.0697895	1.7066678	1.4981109	0.19002637	1.3791999	0.0	1.2434165	1.4880923	1.1753882	1.4085354	1.169094	1.7265819	1.6316018	1.344338	1.1856911	11.651824	12.494741	11.623963	10.237138	11.414223	10.897952	11.069301	12.157966	10.7981205	10.677432	10.080374	11.712069	10.871712	11.437844	11.537843	11.080475	11.382243	11.076302	11.074917	10.810801	10.652347	9.730257	1.1270483	7.584017	7.046364	7.7069983	5.77207	8.748131	8.270454	9.026877	7.7481885	5.2330537	8.400893	8.59559	6.3109694	6.2037597	6.2773876	6.1475058	7.5071754	7.1723514	6.3872943	6.283054	7.538094	6.7402782	8.369617	4.9160237	5.0883684	8.471184	7.3969164	8.146896	7.098913	8.234365	9.20957	3.3353615	7.2250557	6.934109	6.8781796	5.729287	6.7627797	4.299249	4.131322	9.084294	7.226211	7.0853257	7.180597	4.967965	7.633367	7.0701294	6.89429	7.5791516	4.3435764	7.284918	8.603347	5.7505226	5.4579062	5.3243747	7.9983354	7.39598	5.265674	5.9915113	8.457859	6.2447634	6.017189	6.2846317	7.831858	8.983292	4.3190637	5.081169	5.9310584	7.7923017	8.194302	7.2609076	5.9553885	4.748454	9.065982	7.3319006	5.276094	5.615168	5.0762935
15	5.752085	5.7674656	5.7672977	5.7659874	5.7405124	5.718248	5.437746	5.805241	0.46568772	0.24374032	0.5094614	0.2596529	1.1281439	0.16082074	1.2434165	0.0	0.24508832	0.5634595	0.834404	0.11429701	0.68138653	0.6152191	0.47625545	0.4610519	10.457562	11.332304	10.454726	9.055115	10.2353	9.700492	9.869625	10.9807415	9.631907	9.473524	8.923352	10.550782	9.708981	10.252224	10.363885	9.875182	10.240248	9.880809	9.912161	9.6252165	9.471839	8.590836	2.3220422	7.400486	7.011108	8.587852	5.7690854	9.188156	8.689494	9.374984	6.650131	5.2976007	7.3062205	7.489127	6.17789	6.56094	5.904768	6.151181	8.148101	7.2466545	6.097983	6.101285	7.2482686	6.6925616	7.2755795	5.561269	5.538533	9.073562	8.275331	8.726705	7.593601	7.2395325	9.335344	3.6808	6.160741	7.245504	7.69123	6.0840516	6.927097	4.473202	4.456284	9.280481	7.642416	7.4399066	7.5580487	5.2006583	8.270963	7.277344	7.719374	8.480024	4.7597327	6.2157903	9.234013	6.3383713	5.9764743	5.128488	6.945062	6.315098	5.0102234	6.0482845	8.95431	6.4446216	6.0111885	6.7733645	6.765963	9.087503	4.475246	5.0631514	6.1473856	8.160332	8.695826	7.3653073	6.7666616	4.525048	9.20955	6.280435	5.1340284	5.441129	5.052631
16	5.5196853	5.5354595	5.535926	5.534446	5.508329	5.4855037	5.2009034	5.5743403	0.30667827	0.46377954	0.3309804	0.040893067	1.3728181	0.13471317	1.4880923	0.24508832	0.0	0.6991641	0.9126144	0.33703095	0.5922621	0.5569939	0.5430814	0.59638745	10.228702	11.111627	10.232496	8.82986	10.01058	9.470893	9.639387	10.75631	9.4106865	9.242178	8.704779	10.330588	9.488647	10.025722	10.140443	9.643385	10.025084	9.651715	9.691761	9.39886	9.246881	8.376992	2.5598888	7.3729744	7.014606	8.76131	5.784579	9.277862	8.776212	9.446722	6.4322424	5.329174	7.0885324	7.268875	6.165344	6.642122	5.844465	6.1660247	8.277777	7.2708993	6.0540214	6.07927	7.199708	6.6948237	7.058046	5.699428	5.641597	9.194272	8.448754	8.84379	7.6972637	7.042938	9.36405	3.7796962	5.95057	7.3155627	7.8535733	6.1667833	6.970024	4.532131	4.5435762	9.323031	7.7311673	7.5175695	7.639702	5.265201	8.399769	7.3273196	7.8838696	8.657326	4.8613105	6.0045137	9.359787	6.4631495	6.0900087	5.1091523	6.736385	6.1011825	4.979452	6.0740747	9.055203	6.4963384	6.0248117	6.8783865	6.5547857	9.11252	4.5307736	5.08008	6.2035937	8.238562	8.798194	7.3950334	6.930583	4.50468	9.241997	6.072894	5.125609	5.424244	5.068516
17	6.142607	6.1598883	6.1627474	6.1606402	6.1321216	6.107118	5.8040338	6.2028174	0.64521605	0.37093067	0.69820344	0.7361327	1.0022242	0.7005816	1.1753882	0.5634595	0.6991641	0.0	0.31208587	0.45992082	0.5849163	0.49051532	0.21430436	0.10426209	10.502472	11.329009	10.461075	9.081044	10.255809	9.751463	9.924441	10.998372	9.63441	9.536505	8.913801	10.546209	9.706685	10.28305	10.377005	9.940498	10.2113	9.9282055	9.909812	9.656356	9.495171	8.559293	2.3013496	7.9426913	7.530911	8.81233	6.2797055	9.598045	9.105013	9.81292	7.0940924	5.7931075	7.750268	7.9252014	6.711093	6.989255	6.4627595	6.6618276	8.484046	7.7466197	6.6496096	6.6409416	7.8014426	7.2137337	7.7201014	5.886872	5.9338894	9.4264765	8.500679	9.087496	7.9820004	7.731904	9.828569	4.093459	6.625554	7.688982	7.9495673	6.5112095	7.4067655	4.939364	4.8825436	9.7578	8.05637	7.871755	7.983525	5.6568246	8.608509	7.7478547	7.9717507	8.693139	5.1610994	6.6778803	9.576181	6.6895194	6.3510737	5.667408	7.4129086	6.7703943	5.556043	6.5483494	9.3452215	6.914381	6.5231733	7.161268	7.2279196	9.58489	4.9456816	5.573732	6.612031	8.590088	9.0844965	7.8593407	7.023649	5.0654116	9.69873	6.7512717	5.665484	5.978089	5.5642004
18	6.1987095	6.217327	6.2223954	6.2197094	6.189047	6.162124	5.843946	6.2639174	0.75683475	0.67461896	0.79879993	0.9529561	1.2242013	0.9486218	1.4085354	0.834404	0.9126144	0.31208587	0.0	0.74424154	0.5628871	0.49379596	0.37101862	0.3910763	10.346298	11.149402	10.286684	8.917443	10.088243	9.599074	9.773726	10.828732	9.459122	9.390285	8.733861	10.36671	9.529101	10.120343	10.205848	9.794936	10.0211315	9.773866	9.731978	9.494504	9.329801	8.369889	2.5200503	8.233569	7.8327627	9.0891695	6.5842004	9.908844	9.416208	10.124952	7.18918	6.100871	7.8442745	8.012392	7.0072427	7.301135	6.7368064	6.966371	8.785891	8.053787	6.932336	6.9334373	8.082385	7.515071	7.81455	6.188091	6.244013	9.730818	8.777949	9.393058	8.291113	7.8692055	10.137123	4.405069	6.7392344	8.001067	8.235611	6.8230786	7.716992	5.250513	5.1944914	10.06841	8.36754	8.1837	8.295265	5.968597	8.910586	8.05895	8.25633	8.966927	5.471849	6.7890887	9.878789	6.9943476	6.6590524	5.96027	7.5278373	6.8755946	5.8441076	6.855359	9.654411	7.225477	6.8273306	7.4704695	7.3379836	9.892699	5.2565026	5.878114	6.9234514	8.901954	9.393488	8.16762	7.3100104	5.357304	10.007905	6.8700175	5.962365	6.27214	5.8683124
19	5.855333	5.8709517	5.8711543	5.869746	5.843891	5.821282	5.5377984	5.909365	0.4974412	0.13100447	0.5475383	0.35924265	1.0433081	0.27338108	1.169094	0.11429701	0.33703095	0.45992082	0.74424154	0.0	0.66614765	0.58884066	0.40237513	0.36036167	10.507286	11.37323	10.497291	9.100984	10.280465	9.751149	9.921025	11.025529	9.673549	9.526309	8.962511	10.591308	9.749737	10.299309	10.4077	9.928489	10.276051	9.930857	9.952958	9.672208	9.517341	8.625675	2.2643225	7.489853	7.0909157	8.587201	5.845239	9.233432	8.736248	9.428244	6.7595124	5.368227	7.4156775	7.5978103	6.2630844	6.6108303	6.003198	6.227411	8.173705	7.3192086	6.1922235	6.1893663	7.3434663	6.7728677	7.3850794	5.583215	5.5787473	9.103688	8.274776	8.758779	7.63267	7.352818	9.405815	3.7245855	6.2719817	7.300011	7.6979938	6.1334534	6.99276	4.533761	4.504649	9.34572	7.688512	7.49105	7.6073856	5.2583957	8.297003	7.3401327	7.724771	8.476807	4.8011765	6.3268027	9.261447	6.3672066	6.011283	5.2161326	7.0566196	6.4255157	5.1012263	6.120678	8.994367	6.5069985	6.087892	6.8120513	6.8770146	9.1593685	4.5371804	5.139144	6.208074	8.211023	8.735228	7.4358287	6.772729	4.6132956	9.278653	6.3921824	5.2183437	5.5279098	5.1289916
20	5.635823	5.654443	5.659541	5.656844	5.6261606	5.599243	5.281899	5.7010984	0.30404553	0.70120066	0.3155724	0.6289517	1.5652949	0.6984275	1.7265819	0.68138653	0.5922621	0.5849163	0.5628871	0.66614765	0.0	0.09576445	0.38545215	0.5455246	9.929202	10.768396	9.897382	8.511704	9.688212	9.176756	9.349026	10.431729	9.071558	8.959488	8.354309	9.985766	9.145278	9.712899	9.811401	9.363171	9.6587515	9.354271	9.348491	9.085949	8.926619	8.006979	2.8516588	7.9436846	7.600452	9.252634	6.374117	9.858809	9.358526	10.034681	6.6309524	5.921144	7.285623	7.4522448	6.744977	7.226548	6.391248	6.7553277	8.829487	7.8618474	6.6143045	6.6540523	7.755255	7.2803383	7.2560115	6.2422986	6.2146015	9.754356	8.940243	9.406925	8.270157	7.3277216	9.955478	4.354706	6.1871343	7.9038286	8.364047	6.750508	7.562268	5.1225457	5.1249256	9.915293	8.312434	8.103434	8.224068	5.8545933	8.952339	7.9192147	8.390909	9.14142	5.4350767	6.2360215	9.915285	7.0195007	6.655758	5.686152	6.975863	6.320393	5.550074	6.665377	9.629962	7.088028	6.61386	7.450301	6.784262	9.703439	5.1217594	5.6701016	6.794696	8.824294	9.37201	7.986687	7.4388294	5.081759	9.833832	6.3199186	5.7077355	6.002235	5.658328
21	5.7092338	5.727566	5.7321777	5.729608	5.6993895	5.672885	5.3586473	5.773422	0.29950857	0.61424005	0.32699826	0.59598297	1.4697349	0.6506728	1.6316018	0.6152191	0.5569939	0.49051532	0.49379596	0.58884066	0.09576445	0.0	0.2896949	0.449776	10.024843	10.863201	9.992425	8.607131	9.783535	9.272451	9.444743	10.526992	9.166528	9.055241	8.448991	10.080549	9.240131	9.808381	9.906587	9.458928	9.752819	9.449937	9.443339	9.181442	9.021999	8.100992	2.7570746	7.925864	7.571599	9.170773	6.34082	9.801658	9.302334	9.983284	6.6953855	5.882416	7.350494	7.5188437	6.7213764	7.1721473	6.3845654	6.7223682	8.760152	7.825986	6.6017866	6.633721	7.7450337	7.2518163	7.3207636	6.170968	6.153572	9.687612	8.858442	9.34131	8.2087345	7.380625	9.918395	4.295238	6.2464595	7.852942	8.285388	6.6956367	7.5201435	5.0749855	5.0687504	9.87352	8.255632	8.05013	8.169501	5.8053665	8.883247	7.874819	8.311649	9.058544	5.374609	6.29605	9.846999	6.9518824	6.5915327	5.6643295	7.03512	6.382083	5.53212	6.6287417	9.569309	7.0429854	6.5812674	7.388536	6.8447924	9.667589	5.07525	5.6360707	6.7481804	8.770806	9.310912	7.9490047	7.35993	5.059838	9.795463	6.377874	5.6821914	5.9797635	5.6246357
22	5.932649	5.950126	5.9533143	5.9511194	5.92228	5.896999	5.5920324	5.993614	0.43662837	0.3750887	0.4880688	0.58309704	1.1805526	0.5791204	1.344338	0.47625545	0.5430814	0.21430436	0.37101862	0.40237513	0.38545215	0.2896949	0.0	0.16009519	10.314351	11.150625	10.280478	8.8961525	10.072296	9.562066	9.734398	10.8156	9.454396	9.344935	8.736117	10.367923	9.5276985	10.097529	10.195003	9.748623	10.038292	9.739499	9.730892	9.47062	9.310905	8.386352	2.470807	7.874746	7.4871454	8.922649	6.244052	9.629162	9.132981	9.828338	6.8917813	5.769532	7.5477915	7.7211676	6.65385	7.009527	6.368973	6.626187	8.550626	7.7198668	6.5681877	6.5762825	7.7171745	7.1686735	7.5177274	5.9565325	5.971255	9.485738	8.610565	9.143013	8.02381	7.542455	9.807237	4.120316	6.428144	7.700672	8.0473	6.5319467	7.3950605	4.9359727	4.902852	9.748059	8.084915	7.8902955	8.005708	5.6601005	8.674428	7.7424855	8.071702	8.807332	5.1948624	6.479763	9.64035	6.748494	6.3989186	5.6037264	7.2160068	6.570621	5.4835706	6.5213757	9.386164	6.909335	6.4863706	7.2030106	7.029573	9.560321	4.939511	5.538032	6.6102643	8.610005	9.126502	7.8372116	7.12138	5.0000677	9.680438	6.555412	5.6101613	5.9166746	5.5276575
23	6.056889	6.0739045	6.0763345	6.07434	6.0462456	6.021625	5.7216997	6.1161146	0.56288904	0.2838072	0.61731654	0.63291997	1.0206876	0.59640247	1.1856911	0.4610519	0.59638745	0.10426209	0.3910763	0.36036167	0.5455246	0.449776	0.16009519	0.0	10.474419	11.309815	10.439956	9.0560465	10.232082	9.7221575	9.894493	10.975321	9.613795	9.505012	8.895183	10.527094	9.686962	10.257473	10.354641	9.908689	10.196572	9.89958	9.890148	9.630574	9.470753	8.544595	2.3125372	7.848323	7.442345	8.785233	6.193213	9.534119	9.039836	9.743087	7.001193	5.7100196	7.657446	7.8334756	6.619082	6.9209886	6.363351	6.57538	8.435011	7.6628003	6.552402	6.547211	7.703768	7.124804	7.627212	5.8389845	5.8720937	9.374226	8.473326	9.0335865	7.922236	7.6329756	9.746493	4.02714	6.529881	7.6176558	7.915664	6.443061	7.327513	4.862471	4.813964	9.679339	7.991339	7.8029327	7.916067	5.5823097	8.559182	7.670682	7.939011	8.668195	5.0977354	6.58256	9.526125	6.636917	6.29364	5.5738015	7.3169465	6.6759596	5.460522	6.4643545	9.2852	6.8372355	6.4363904	7.1013994	7.132687	9.501831	4.8678756	5.487136	6.5359397	8.5218315	9.024894	7.7769017	6.9896708	4.971358	9.617575	6.654859	5.573825	5.885032	5.4773707
24	6.982423	7.0039916	7.0463376	7.035549	7.0009704	6.9705153	6.7898088	7.065545	10.010817	10.590279	9.959812	10.23217	11.494395	10.358043	11.651824	10.457562	10.228702	10.502472	10.346298	10.507286	9.929202	10.024843	10.314351	10.474419	0.0	1.2626731	0.7175367	1.4503353	0.5069985	0.76216835	0.6102833	0.7283971	1.136034	1.0270331	1.8204882	0.92646927	1.1453375	0.3356591	0.59906	0.68201596	1.3806863	0.5774946	1.0274872	0.8749171	1.0677625	2.299279	12.769017	14.136109	14.490293	18.6055	13.785893	17.91876	17.41729	17.757673	7.7197323	13.689641	7.7306557	7.568676	13.585257	15.455692	12.47754	14.056539	17.604977	15.065778	12.925232	13.355625	13.56103	14.230058	7.7392426	15.309806	14.871178	18.33367	18.300777	17.953718	16.70786	8.881289	16.859777	13.236464	8.147868	15.868266	17.604553	15.069622	15.145348	13.434555	13.758052	17.101921	16.518044	16.160675	16.328892	14.08265	17.70723	15.5549	17.657328	18.544912	14.177853	8.091968	18.56374	15.863556	15.392186	12.771938	8.234712	7.9542174	12.508536	14.164205	17.899418	14.899963	13.932149	15.990585	8.092868	16.574404	13.393959	13.299917	14.72883	16.800514	17.68799	15.262169	16.73415	12.385006	16.832956	8.270621	12.9541025	13.013498	13.276821
25	8.195565	8.218219	8.261186	8.250176	8.213835	8.181777	7.9812293	8.282447	10.875927	11.447408	10.8270645	11.118523	12.329429	11.243674	12.494741	11.332304	11.111627	11.329009	11.149402	11.37323	10.768396	10.863201	11.150625	11.309815	1.2626731	0.0	0.89270484	2.3237333	1.1770681	1.8975933	1.8033285	0.536846	1.7015151	2.1976454	2.4156075	0.7828134	1.6235156	1.2480606	1.0111187	1.9223558	1.2091086	1.7161134	1.4202833	1.8071921	1.9116795	2.8006966	13.619889	15.342123	15.670789	19.623167	14.931374	19.06163	18.55707	18.920929	8.968507	14.812616	8.990263	8.8299675	14.75764	16.567852	13.66752	15.211544	18.687578	16.236765	14.112425	14.531486	14.7750845	15.4049425	8.998514	16.34493	15.943006	19.438778	19.315933	19.059458	17.814423	10.138714	18.058678	14.267343	9.384371	17.002653	18.633795	16.17123	16.296587	14.516413	14.818749	18.289564	17.641024	17.291292	17.457582	15.179758	18.79246	16.706942	18.683268	19.554255	15.2342	9.330004	19.663904	16.927004	16.46187	13.919993	9.489062	9.194874	13.658678	15.309561	19.027166	16.034906	15.084684	17.082962	9.344128	17.772905	14.478179	14.42573	15.854068	17.941555	18.81089	16.431335	17.750921	13.514108	18.02754	9.510548	14.096527	14.169342	14.402963
26	7.3562965	7.37984	7.4232726	7.412091	7.374301	7.340966	7.126792	7.4463224	9.999864	10.573197	9.950574	10.2388115	11.460239	10.364146	11.623963	10.454726	10.232496	10.461075	10.286684	10.497291	9.897382	9.992425	10.280478	10.439956	0.7175367	0.89270484	0.0	1.4310312	0.33591214	1.0843042	1.0406284	0.5735499	0.82790565	1.3844496	1.5639049	0.22283763	0.7661146	0.48896518	0.15271576	1.2009298	0.6882664	0.9259879	0.56924355	0.9292922	1.0199848	1.9884498	12.747971	14.491475	14.805035	18.730795	14.052572	18.181284	17.675968	18.047113	8.173811	13.928237	8.2289095	8.079443	13.888494	15.681121	12.807445	14.335651	17.796824	15.366581	13.250631	13.663951	13.93085	14.536679	8.235474	15.452226	15.05157	18.55061	18.42364	18.171417	16.92663	9.366071	17.202372	13.3746395	8.5682955	16.120441	17.74114	15.282901	15.419204	13.625943	13.926716	17.426697	16.756165	16.408138	16.573965	14.290942	17.901945	15.829722	17.790665	18.662203	14.341945	8.516168	18.775026	16.034998	15.570253	13.04225	8.707231	8.385161	12.781669	14.430628	18.143126	15.153009	14.2080145	16.19334	8.554412	16.916426	13.58795	13.542043	14.969964	17.060888	17.925863	15.560351	16.858528	12.631393	17.168612	8.699254	13.217075	13.294042	13.519353
27	6.0410066	6.066344	6.1105504	6.099055	6.058346	6.022425	5.7795944	6.1373196	8.6037035	9.180341	8.553577	8.83498	10.076705	8.960613	10.237138	9.055115	8.82986	9.081044	8.917443	9.100984	8.511704	8.607131	8.8961525	9.0560465	1.4503353	2.3237333	1.4310312	0.0	1.1816282	0.7798884	0.9616923	1.9278649	0.6860834	0.7523954	0.58577454	1.5728581	0.7941359	1.2029995	1.3214593	1.0713049	1.4902984	0.9116678	0.9682975	0.5794647	0.41781592	1.0258306	11.358125	13.13797	13.423339	17.300514	12.646996	16.771969	16.265385	16.649532	6.9472065	12.512326	7.069978	6.943909	12.500992	14.260642	11.437771	12.935387	16.36904	13.976455	11.877341	12.279592	12.589821	13.150478	7.073061	14.021201	13.622655	17.12734	16.993517	16.748392	15.504132	8.175996	15.836673	11.943631	7.295407	14.708105	16.310265	13.859561	14.0158415	12.198821	12.496769	16.049032	15.338948	14.994048	15.159015	12.866798	16.474573	14.426547	16.35991	17.23256	12.911612	7.248139	17.3505	14.605073	14.141011	11.639012	7.503104	7.126321	11.379927	13.0246935	16.727217	13.741434	12.806349	14.767618	7.3353634	15.550563	12.161264	12.127498	13.554376	15.651183	16.508217	14.168675	15.428216	11.218905	15.798185	7.43546	11.810555	11.895297	12.104958
28	7.03475	7.057994	7.101277	7.0901513	7.05285	7.019958	6.8114095	7.123742	9.783103	10.358987	9.733164	10.015889	11.252763	10.141484	11.414223	10.2353	10.01058	10.255809	10.088243	10.280465	9.688212	9.783535	10.072296	10.232082	0.5069985	1.1770681	0.33591214	1.1816282	0.0	0.7500714	0.7065129	0.74623704	0.69004446	1.0512886	1.4221426	0.55320483	0.6725568	0.18928424	0.18411486	0.87166935	0.89865226	0.59018475	0.52836955	0.63345605	0.76396024	1.8822488	12.536173	14.17493	14.496379	18.471382	13.754312	17.884653	17.380186	17.744303	7.842229	13.636683	7.8940525	7.7440286	13.582081	15.393224	12.495395	14.0346	17.518122	15.060937	12.939554	13.356425	13.611694	14.229668	7.900723	15.187101	14.775513	18.26534	18.164919	17.885899	16.640654	9.032139	16.888517	13.110245	8.240557	15.825989	17.478178	14.998058	15.119539	13.346542	13.653668	17.116348	16.465254	16.114874	16.281311	14.007195	17.62248	15.529903	17.52868	18.405222	14.070294	8.187945	18.491264	15.761639	15.29495	12.742929	8.374124	8.056097	12.481641	14.132503	17.85103	14.858183	13.907674	15.91144	8.222209	16.60265	13.307836	13.249532	14.678	16.764618	17.635183	15.2553	16.59908	12.337617	16.856087	8.37054	12.919497	12.9924555	13.226737
29	6.298229	6.3209934	6.364027	6.352993	6.3164716	6.2842975	6.0853443	6.385581	9.25501	9.83513	9.203784	9.474031	10.741633	9.599926	10.897952	9.700492	9.470893	9.751463	9.599074	9.751149	9.176756	9.272451	9.562066	9.7221575	0.76216835	1.8975933	1.0843042	0.7798884	0.7500714	0.0	0.18386257	1.404785	0.838719	0.30215135	1.2863226	1.2944953	0.91962755	0.6495841	0.933978	0.3102032	1.5005177	0.18922552	0.948192	0.35220712	0.5308131	1.764914	12.01375	13.444775	13.779256	17.846092	13.055907	17.18819	16.68537	17.036795	7.0929527	12.950815	7.144624	6.995697	12.869055	14.713621	11.772897	13.331022	16.85538	14.348933	12.218608	12.641507	12.877542	13.515446	7.151171	14.551949	14.118972	17.589865	17.541128	17.210052	15.964285	8.282105	16.162367	12.477872	7.495039	15.13399	16.846237	14.324412	14.418185	12.684191	13.003646	16.395948	15.779657	15.424995	15.59252	13.336069	16.958239	14.82817	16.89866	17.784801	13.422796	7.441864	17.81858	15.109926	14.639641	12.042923	7.6241064	7.309086	11.78043	13.434227	17.162888	14.165767	13.205421	15.243093	7.472545	15.876656	12.644114	12.5620165	13.990978	16.069048	16.94972	14.544296	15.974535	11.648112	16.132105	7.6238885	12.222639	12.288224	12.539033
30	6.398046	6.4202447	6.462964	6.452044	6.416441	6.3850865	6.1953096	6.483412	9.425161	10.005712	9.373776	9.64221	10.913637	9.768119	11.069301	9.869625	9.639387	9.924441	9.773726	9.921025	9.349026	9.444743	9.734398	9.894493	0.6102833	1.8033285	1.0406284	0.9616923	0.7065129	0.18386257	0.0	1.2923336	0.9453211	0.41686645	1.4532635	1.259699	1.0124468	0.5681007	0.8879142	0.1858984	1.5316402	0.13112499	1.0059878	0.48495948	0.68236434	1.9348447	12.184143	13.54908	13.893566	17.996704	13.181123	17.313871	16.811895	17.156666	7.168019	13.081892	7.204024	7.05024	12.986141	14.847073	11.883725	13.453503	16.994905	14.466441	12.330497	12.757431	12.978085	13.631683	7.2113304	14.700266	14.260904	17.72465	17.69215	17.344728	16.098883	8.346897	16.269783	12.627256	7.581047	15.262014	16.995182	14.460262	14.541695	12.8243885	13.147824	16.507702	15.910475	15.553959	15.721952	13.473013	17.097233	14.951428	17.048115	17.936653	13.567685	7.5266914	17.954418	15.253284	14.781906	12.167496	7.693012	7.391768	11.9044285	13.559448	17.29245	14.293718	13.3286295	15.380803	7.54519	15.984227	12.783843	12.692438	14.121396	16.195272	17.080473	14.662386	16.125513	11.777814	16.241236	7.7073474	12.348763	12.410521	12.669375
31	7.690225	7.7123494	7.7550197	7.7441173	7.7086363	7.677359	7.4863014	7.7752657	10.528135	11.103603	10.478296	10.761722	11.995959	10.887295	12.157966	10.9807415	10.75631	10.998372	10.828732	11.025529	10.431729	10.526992	10.8156	10.975321	0.7283971	0.536846	0.5735499	1.9278649	0.74623704	1.404785	1.2923336	0.0	1.3847512	1.6987189	2.1261575	0.6121379	1.3332255	0.76388633	0.6252027	1.3982208	1.1626652	1.2177624	1.1406757	1.3716936	1.5101651	2.5597868	13.280406	14.841393	15.182736	19.21163	14.46	18.592049	18.088902	18.441565	8.444431	14.351776	8.458914	8.297068	14.273409	16.112381	13.17459	14.735702	18.246164	15.753392	13.620917	14.045544	14.270219	14.919585	8.467441	15.924749	15.506014	18.987024	18.905476	18.607359	17.361761	9.609071	17.561726	13.848455	8.867248	16.536839	18.216808	15.720583	15.822692	14.074474	14.386545	17.798237	17.180662	16.827295	16.994514	14.730982	18.349848	16.23272	18.26779	19.146479	14.80409	8.812042	19.214485	16.494066	16.025978	13.447221	8.961533	8.675461	13.184871	14.838309	18.564743	15.568684	14.609997	16.636757	8.818563	17.276134	14.03515	13.963487	15.392368	17.472717	18.350725	15.948865	17.339396	13.050128	17.532747	8.991567	13.626441	13.692931	13.94056
32	6.7249823	6.750146	6.7942867	6.78282	6.742393	6.7067094	6.46559	6.820666	9.176171	9.748624	9.1271105	9.417421	10.633924	9.5426235	10.7981205	9.631907	9.4106865	9.63441	9.459122	9.673549	9.071558	9.166528	9.454396	9.613795	1.136034	1.7015151	0.82790565	0.6860834	0.69004446	0.838719	0.9453211	1.3847512	0.0	1.0367573	0.74190265	0.9244036	0.11118674	0.808094	0.76124746	1.1251376	0.8115034	0.8249639	0.29039907	0.4900443	0.38381442	1.1926482	11.922544	13.823939	14.106796	17.934353	13.323983	17.446812	16.939604	17.329082	7.6174784	13.183698	7.724754	7.592469	13.183446	14.928084	12.122872	13.614369	17.026394	14.658213	12.562051	12.962674	13.275876	13.833142	7.7287145	14.663	14.277683	17.791553	17.626505	17.412928	16.169382	8.839262	16.521933	12.585118	7.9743514	15.381489	16.948837	14.524049	14.693581	12.858038	13.148655	16.732967	16.009022	15.666331	15.83072	13.530441	17.13275	15.10432	16.997225	17.863228	13.561712	7.9262853	18.013119	15.256729	14.795038	12.317077	8.169012	7.802857	12.058581	13.701481	17.398119	14.415359	13.484854	15.428801	8.004358	16.235817	12.821274	12.799848	14.225829	16.32592	17.177847	14.850049	16.062435	11.892664	16.483015	8.113	12.487245	12.574903	12.777408
