	0	1	2	3	4	5	6	7	8	9	10	11	12	13	14	15	16	17	18	19	20	21	22	23	24	25	26	27	28	29	30	31	32	33	34	35	36	37	38	39	40	41	42	43	44	45	46	47	48	49	50	51	52	53	54	55	56	57	58	59	60	61	62	63	64	65	66	67	68	69	70	71	72	73	74	75	76	77	78	79	80	81	82	83	84	85	86	87	88	89	90	91	92	93	94	95	96	97	98	99	100	101	102	103	104	105	106	107	108	109	110	111	112	113	114	115	116	117	118	119	120	121	122
0	0.0	0.0028551314171778785	0.001067641256995773	0.0016313576552536408	0.00945294522909892	0.001717353900613715	0.006818384618450442	0.0008940648926430094	0.08725496269707385	0.08757555104585833	0.08832320896137566	0.08740568510000046	0.11236761054780332	0.08829123617748676	0.11844628659817368	0.08634607205818394	0.0877960020262955	0.0865673365879003	0.08890672032873947	0.0883948453524766	0.09022607057510801	0.0876847655070971	0.08823896520519896	0.08678430143411484	0.09222513039162053	0.0972241412795103	0.09660512014725316	0.09954157207518129	0.09906404971913468	0.09100524285624392	0.09355073246268658	0.10207431764404298	0.08952378274789634	0.08808099073663174	0.08845836143760898	0.09099682233509289	0.08168930560594564	0.09197128134252797	0.1058007490755928	0.11599092219977192	0.09798453254280734	0.09854828658393744	0.10896908962598777	0.09828716097855056	0.10548429377836653	0.10922417720452249	0.1557407516893931	0.11378833644696366	0.10782878331635339	0.2317934249663495	0.10296908779932598	0.17518380784162932	0.1596706839137067	0.16493356914514978	0.007500663408413374	0.10657158152742098	0.03681020942442949	0.02493449058744536	0.09023558282581495	0.1338166366448558	0.10748356664513369	0.10408602467054888	0.17378956360957926	0.12913530804346643	0.09628960089700012	0.08022228632231071	0.08923912048047102	0.10180539175458561	0.025366152619353287	0.11394260010790061	0.1218158189868736	0.17830962116766885	0.17914039987720687	0.16459048916101163	0.1523006526949724	0.023718461686415934	0.10219529363149528	0.12967110710634297	0.022131894416446023	0.14287497547666664	0.15452378219970003	0.130008654713115	0.11673272411614456	0.12191453973914779	0.1283198290151371	0.1644894208343306	0.13928989940864142	0.13950354828510447	0.1505958565717325	0.12930330351708327	0.17537061596788242	0.13390484907984576	0.15801487066949496	0.19406359740671325	0.1080871805704207	0.020947394657967213	0.1739380248747693	0.141799009702665	0.12447778734843003	0.08569072669760609	0.016044863057245652	0.010104249849480423	0.08814310653730774	0.09750737011692934	0.1638664459250462	0.11927016553801417	0.0969662703798234	0.13476256805717177	0.011247727664300254	0.12252906090422375	0.11342904425016137	0.09564791619962207	0.12144104614135105	0.14816987815484353	0.15473078458128575	0.12226386471334914	0.16531658608722755	0.0978574951805147	0.13543170960417006	0.009361865814065508	0.08525555113218461	0.0883695894010233	0.08596335635188375
1	0.0028551314171778785	0.0	0.0022115508671850252	0.0014755715606229681	0.006605088711090093	0.0012854102320400608	0.009671877864300741	0.0019731226835006162	0.09008099470087919	0.09040413578505119	0.09115296040003121	0.09023545291434577	0.11520121667741362	0.09112074690343712	0.12128563456223912	0.08917178351399414	0.09062087844395214	0.08940194296215588	0.09172946696278492	0.09122474577618922	0.09305267171450002	0.09050761305587272	0.09106634384852226	0.08960894474319608	0.08937959317763626	0.09436938541746533	0.09375255078033613	0.09671081548884447	0.0962117626891075	0.08815417101485723	0.09069815562743669	0.09922016329539228	0.08669029796425594	0.08523487811664805	0.0856191182581776	0.08814182802739681	0.07884213649892452	0.08911781201731796	0.10294994045335741	0.11314512271395731	0.09513027861680143	0.09569533637906519	0.10611566857875332	0.09543958779995156	0.10263415045089468	0.10645826082527482	0.15859580643701182	0.11662712891800667	0.1106291280102079	0.23463746275095035	0.1057842180383987	0.17801765409915712	0.16250229976821476	0.16777541587498165	0.009802877269960316	0.10937384019668821	0.03946844330860685	0.027654340718831306	0.09300777411359752	0.13663961277335027	0.11028368789919629	0.10690533677593668	0.17661456730348712	0.1319559438181339	0.09911029326847702	0.08302444840508204	0.09204380623059923	0.1046188936916616	0.027891342275568665	0.11674216990590304	0.12462790607337755	0.18113559898780052	0.18197449900102822	0.16740854267490343	0.15511047705202055	0.02629957400742647	0.10502877755113355	0.13251589119399998	0.024815192486367446	0.1456966058060766	0.15734728724141628	0.13282349224020104	0.11953812754856183	0.12474522626941552	0.13114036602227794	0.1673226275801333	0.14209847129931227	0.1423256718610996	0.15341318423753106	0.1321182791384867	0.17818440791545118	0.13672380445802676	0.16084019891870607	0.19690466237244442	0.11091809178629633	0.02354168710052965	0.176751755119285	0.14459838101863637	0.12728962163170257	0.08847304085871388	0.018011708280367772	0.012336207573765298	0.09094015892835981	0.10031806457403357	0.16668065236231647	0.12209774461384104	0.09975924403602265	0.1375637413986074	0.010840454225415883	0.1253481486748331	0.11624930987458325	0.09845928085523283	0.1242443033543239	0.15099884551799328	0.15754578311731926	0.12509000637600104	0.1681541073720976	0.10065827123564143	0.13825770608464727	0.012000047446287012	0.0880482786676256	0.09116552890584834	0.08877717079461067
2	0.001067641256995773	0.0022115508671850252	0.0	0.0015408312550602094	0.008762813163225936	0.001489276225140613	0.007650977031862561	0.000868129561641942	0.08812660361808823	0.0884431577762159	0.08918887115748166	0.08827135684684166	0.11322580202608458	0.08915729886085626	0.11929287966944453	0.08721824028745716	0.08866937180071988	0.08742448846887939	0.08978316969800926	0.08926025649584357	0.09109671650949494	0.08856111862030036	0.08910847266318399	0.08765806082894913	0.09152004465343681	0.0964683094822264	0.09586905501777244	0.09887576360880425	0.09832966052082406	0.09027776410226776	0.09281470583647664	0.10132580863756996	0.08885198821824929	0.08737404511803666	0.08777221414277497	0.0902364098939586	0.08097877919599651	0.09122907106783885	0.10507420805993846	0.1152844339614082	0.09723510073259833	0.09780966787303641	0.10822681478493738	0.09757464051158415	0.104760928546902	0.1086616736424594	0.1565076983101057	0.11447748603139822	0.10844190085082338	0.23249697646162118	0.1036072890394893	0.17585980000371565	0.16034157306000485	0.16563075937737406	0.007648139607839939	0.10718777317033064	0.03725733658275438	0.025445522975408794	0.09080816481346678	0.13446936150804303	0.10809633428927538	0.10473198348281784	0.17444607687521552	0.12978348693145755	0.0969383460976109	0.08083876393838427	0.08985952754738445	0.10244067954474136	0.025697175182472397	0.11455442311798998	0.12244834361659941	0.17896811709860622	0.1798169728237123	0.1652334736645456	0.15292899156590062	0.024095222459179826	0.1028712259055236	0.130377848749958	0.022603821240826483	0.14352495936563056	0.15517738691266084	0.13064599592396592	0.11735392508744646	0.12258369356011266	0.12896782557676018	0.16516396805576017	0.13991619553141485	0.1401545301879108	0.15123758345734498	0.1299409012792763	0.17600575764413087	0.1345497661908904	0.1586721542767017	0.19475831085435316	0.10875704233403698	0.021335142600759652	0.17457306409559042	0.14241028102013445	0.12510984064476183	0.08627725295643535	0.016008788161860906	0.010212679251349383	0.08875134819840637	0.09813778485937907	0.1645023933280869	0.1199325440802816	0.09756814620271499	0.13537674182406273	0.010344305782299872	0.12317434683787809	0.11407669386557615	0.09627952972670062	0.12205868605350965	0.14883494725383503	0.1553682163307289	0.12292317120255636	0.16600180110658153	0.09847143125711896	0.13609056830341348	0.009788511984864419	0.0858572401676848	0.08897610890720865	0.08659949512308365
3	0.0016313576552536408	0.0014755715606229681	0.0015408312550602094	1.862645149230957e-09	0.00792394206030545	0.0002083296326530264	0.008331967475196456	0.0007954936738626434	0.08866669346780741	0.08899253665757964	0.08974264614227152	0.08882517730837208	0.1137951111778434	0.08971016143605068	0.11988752268843059	0.08775717459598373	0.08920539614816485	0.08799758656073732	0.09031189061761376	0.08981459917832632	0.09163889598206615	0.0890901582599642	0.0896534277896497	0.08819325259898013	0.09066971232386727	0.09570403456998763	0.09507016546482747	0.09796403508056144	0.0975278029242324	0.08946448254389494	0.09201587569783345	0.10054834565963469	0.08794959632275742	0.08652689095996788	0.08689195094165361	0.08948065660184457	0.08013775254053718	0.09044100024088987	0.10425879747972042	0.11443565336594516	0.09645942461808957	0.09701509859405609	0.10743821017031463	0.09673618990348001	0.10394019815011536	0.10760833195627328	0.15725870892956997	0.11535880923161239	0.10943254243717525	0.2333544903720238	0.10456364336159642	0.17676033599726232	0.1612498987110653	0.16649882641943947	0.009048691015179834	0.10817430267562833	0.03844155961243137	0.026563243564005568	0.09185148781760155	0.13540460167033355	0.10908744984310942	0.10567737320287388	0.17537544161539437	0.13072530972654292	0.09787993710230955	0.08182545012527749	0.09084068624262524	0.10340112646001648	0.026985205091860438	0.11554671227650098	0.12341231193160013	0.1798945612462002	0.18071660075220647	0.16618232709943148	0.15389843153442884	0.025344639499578187	0.10377289968979801	0.13123130914802997	0.023763097816386098	0.14446403379941025	0.15611113069992022	0.13160314151821856	0.11833352498914407	0.1234950841642078	0.1299099195949208	0.16606677293652827	0.14088856763674348	0.14109220966939062	0.1521883374372141	0.1308976959402113	0.17696557457799209	0.13549617600159172	0.1596005328001338	0.19562998946859944	0.10966764146659501	0.022574605272731217	0.17553303386138666	0.14340301104227696	0.12607442837867713	0.08730305676685399	0.017501705013789958	0.01163873279810534	0.0897488417891947	0.09910507601593108	0.16546116497495492	0.1208539687682839	0.0985738731529086	0.13636564136333634	0.011547770572231454	0.12412038185939196	0.1150195062758425	0.09724520288731836	0.12304305567675224	0.14975202397035092	0.1563249819943197	0.12384903649178486	0.16688841806100813	0.09946113921080757	0.13701690018266002	0.010990493425256395	0.08686343606965237	0.08997587856919614	0.08755911876926828
4	0.00945294522909892	0.006605088711090093	0.008762813163225936	0.00792394206030545	0.0	0.007782115250416286	0.01625152259008518	0.008561787018122864	0.09652938155083862	0.09686108761456223	0.09761379915845517	0.09669647455195508	0.12167314779796959	0.0975807633225618	0.1277786622400519	0.09561924075543134	0.0970653309069425	0.0958800362765942	0.09816671262765177	0.09768608725855993	0.09950253065618793	0.09694538594998835	0.09751910994168228	0.09605278282411435	0.08277452082918028	0.08778118509706281	0.08715385878566094	0.09011363196283775	0.08961238769841302	0.08155256912453276	0.08409949250257343	0.0926273473393769	0.08009086608232015	0.07862986579135371	0.07901573724764863	0.08155706939128494	0.07223736649143953	0.0825219175089119	0.09634795389259099	0.10654007836181444	0.08853808090923151	0.08909767840588526	0.09951951095086144	0.08883497517936621	0.09603135800961732	0.0999528628610768	0.16518152514720272	0.123230932783435	0.1171977328350718	0.2412425358913492	0.11236948085271349	0.18461867132723864	0.1691018281641382	0.17438017153538185	0.016000770717587227	0.1159447560828495	0.04586092971718681	0.0341448531163337	0.09954128132454132	0.14323211881838852	0.11685203744962437	0.11349475046282421	0.1832086586901863	0.13854629013828618	0.10570115906877796	0.0895963730496865	0.09861816863952429	0.11120249226902564	0.03412209047120997	0.12330964404425201	0.13120957991076554	0.1877305341381324	0.1885756713938665	0.17399599624599882	0.16168917578213407	0.03261431580293463	0.11162981848317992	0.13912097536176043	0.031266591361178465	0.15228777226379014	0.1639401232390659	0.1394079740015364	0.12611241810431054	0.131344242339926	0.13773062615911383	0.17392324782809293	0.1486759394513416	0.1489173340656539	0.16000001578859369	0.13870291630078613	0.18476726789421355	0.14331245476123905	0.16743466031065488	0.20350919928165648	0.1175173590000003	0.029884983238859558	0.18333456019882183	0.15116489599559124	0.13387097318259883	0.0950203214977112	0.023560576920142448	0.018381236791567414	0.09750566854113027	0.10689878880805243	0.17326406567264338	0.12869437470902473	0.1063193183802091	0.1441326051575609	0.013092618133844642	0.1319370666055781	0.12283949487573952	0.10504077863481256	0.1308159693849038	0.15759641336303137	0.16413013588634778	0.13168541744035597	0.17475725190169722	0.1072277568670912	0.14485289146636143	0.01846296149394322	0.09460871526688094	0.09772968782903889	0.09536152992066234
5	0.001717353900613715	0.0012854102320400608	0.001489276225140613	0.0002083296326530264	0.007782115250416286	1.862645149230957e-09	0.008469551266550591	0.0008399688991331556	0.08882846095010584	0.08915346170966748	0.08990317595173143	0.08898569293486092	0.11395440568826946	0.08987077477832268	0.12004445531781593	0.08791903663029002	0.08936753704774725	0.08815630063290304	0.09047469942503573	0.08997507752921358	0.0918005055077966	0.08925292551253344	0.08981476398154245	0.08835545748434466	0.09053933321952197	0.0955632846878056	0.09493348040345928	0.09784182016590372	0.09739149846405289	0.0893294775603293	0.09187915180022192	0.10040917391934565	0.08782600865704561	0.08639606058617177	0.08676540028470303	0.08933886271406657	0.08000606504028744	0.09030297683135452	0.10412419646368695	0.11430528525794843	0.09632000565611247	0.09687791586866161	0.10730040887335014	0.09660437320978206	0.10380624639187246	0.10750730738446432	0.15739944627881633	0.11548338005693266	0.10954173828960455	0.23348255467518245	0.104677824098569	0.17688262737370938	0.1613710878868289	0.16662537290152798	0.009067065018063493	0.10828410254741665	0.03851643605667928	0.02664940677414683	0.09195238636969946	0.13552197286328976	0.10919657219533811	0.10579312629178889	0.17549378575177169	0.13084173168856186	0.0979961585159437	0.0819349598058593	0.09095112441591657	0.10351470876307295	0.02703728531991381	0.1156557046255147	0.12352552692059947	0.18001332394230762	0.18083902553493839	0.16629790067716227	0.154010995748983	0.025405188821849212	0.10389467350286918	0.13135958465419129	0.023841415643421474	0.14458090898031584	0.15622880026928163	0.13171738634341443	0.118444423050584	0.12361568339298222	0.13002629892425935	0.1661887254217218	0.14100064950912908	0.14120926587663274	0.15230359018471762	0.13101198747923884	0.1770796106604816	0.13561197340527378	0.15971896276698283	0.19575614902074429	0.1097882549916554	0.022636922152608558	0.17564704374601312	0.14351208728813888	0.12618756903828773	0.08740667275136765	0.017486856569555485	0.011650245094750392	0.08985682959543143	0.09921762952426995	0.16557531626432595	0.1209731776215648	0.09868070199622482	0.13647525885045042	0.011379227802770118	0.12423617109627628	0.11513569370072942	0.09735797395130052	0.12315327664355127	0.14987197603241253	0.15643938993915357	0.1239676503061355	0.16701253609062797	0.09957039267758454	0.1371355200820433	0.011056747860924842	0.08697007182646442	0.09008352523813003	0.0876726613703008
6	0.006818384618450442	0.009671877864300741	0.007650977031862561	0.008331967475196456	0.01625152259008518	0.008469551266550591	0.0	0.007700122684339402	0.08047719062578158	0.08079286993158809	0.08153828749025976	0.08062077778217383	0.10557485865097034	0.08150676879261262	0.11164370279315416	0.0795689760665636	0.08102043897931335	0.07977356759264113	0.08213525511928839	0.08160964081940654	0.08344703362264491	0.08091318310716099	0.08145854675875583	0.08000925654498924	0.09899702557145629	0.10403241945549242	0.10340205723206032	0.10626876067974665	0.10585975491742991	0.09779630674942834	0.10034775806151895	0.10887872509571389	0.09625959154028653	0.09485494143445272	0.09521103742301948	0.09780728089047065	0.08846702226032264	0.09877232047209597	0.11259046629243546	0.12276281473997468	0.10478954545738471	0.10534684466207585	0.1157696691966882	0.10506554242035337	0.1122715267962103	0.11577842683500607	0.14893049280783144	0.10704997938106484	0.10121730746117237	0.22503346924967016	0.09631134527664668	0.16846003736084572	0.1529548458893727	0.15818247901893928	0.005470057559524544	0.09995431167166173	0.030736761478042534	0.018728607900863864	0.08371570705597456	0.12713042211974693	0.10087284857695152	0.09741452446459493	0.1670947726809064	0.12245700413856557	0.08961462430081489	0.07361131016398795	0.08261757469089501	0.0951530846159914	0.019882266099852598	0.10733256891035378	0.11516550185907394	0.1716115342750438	0.17241567520608334	0.15791820013698382	0.14565481914152145	0.018064293994308842	0.0954764125243628	0.12291016376122246	0.016111275329097924	0.13619251371319935	0.14783464555668271	0.12334882524374988	0.11010407512370701	0.11520369084146466	0.12164190809534144	0.15776811434159765	0.1326489610513344	0.1328197117521803	0.1439266320084564	0.12264309769696745	0.16871113253861494	0.12723157851606914	0.15131968791456396	0.18731471749287443	0.10137662273178577	0.01531104077277142	0.16727880233477369	0.1351862432126149	0.11782799360218903	0.07914103617770962	0.013050298981988477	0.007234732647000424	0.08154622130246138	0.09086481618492531	0.15720625994482906	0.11256990382035009	0.09038001467371348	0.1281449681428235	0.01482841350531748	0.11585630560641208	0.10675335679379368	0.0890035297700518	0.11481850445184152	0.14146327815908652	0.14806864525762045	0.11556813504106139	0.1585806371412785	0.09124651386915675	0.12873555189707522	0.004619121643957089	0.07867322740160422	0.08177617458676584	0.07931289648683444
7	0.0008940648926430094	0.0019731226835006162	0.000868129561641942	0.0007954936738626434	0.008561787018122864	0.0008399688991331556	0.007700122684339402	0.0	0.0881141567900942	0.08843633319185662	0.08918473073589023	0.08826721537210028	0.11323166811386584	0.089152604933896	0.11931430538107984	0.08720506700397258	0.08865449038114565	0.0874320273521433	0.08976392546805656	0.08925646212560599	0.091085622466377	0.08854202776969328	0.08909899443579584	0.08764264530694693	0.09133246526741319	0.09633661279559508	0.09571509703713554	0.0986475328215389	0.09817383549444811	0.09011435614265222	0.09266071754952411	0.10118576594952419	0.0886298218506743	0.08718845572953571	0.0875647760286603	0.09011000311760341	0.08079703590442035	0.09108198529545829	0.104909723524703	0.11509829732394279	0.09709611961950995	0.0976585416495854	0.10807973376642518	0.09739498404940301	0.10459297771535866	0.10833565623936668	0.15662742747682323	0.11468205232799634	0.1087211244423098	0.2326864770308742	0.10386265630619478	0.1760777947018817	0.16056472798179175	0.16582695496101507	0.008253257800956225	0.10746410996810758	0.037676904221013226	0.02581308152986543	0.0911243971852507	0.1347105963152077	0.10837588484096528	0.10497982782605697	0.17468358251590554	0.1300291791908905	0.09718346413281768	0.08111476595488507	0.09013185599169586	0.10269885247030026	0.02620021888980282	0.11483486968884771	0.12270919294180255	0.17920365937287105	0.18003437756207136	0.1654842464114856	0.1531938719667726	0.02456589524429909	0.10308929998975665	0.13056404786048956	0.023002587527958192	0.14376888929117462	0.15541776088179027	0.13090221801483595	0.1176255547502223	0.12280859771675252	0.1292136957642626	0.16538342853346044	0.14018301401625952	0.1403974797609798	0.15148957250370507	0.13019687522820583	0.17626412565187674	0.13479864476488787	0.15890889550610302	0.19495707323703312	0.10898123701118316	0.021797348029445593	0.1748315301830504	0.1426912833472979	0.12537114449738956	0.0865809164382379	0.016717649138392642	0.010844001832490686	0.08903507425214083	0.09840062378744759	0.16475997971816775	0.12016422234662849	0.09785780074497206	0.13565501633812835	0.011163638928886754	0.1234228598156934	0.11432289506888968	0.09654121893539781	0.12233368405422944	0.1490639429896158	0.15562436601109209	0.12315790221565259	0.16621038756546433	0.09874986678008747	0.13632574566389147	0.010216793542745496	0.0861470285099771	0.0892614362973652	0.08685682525834966
8	0.08725496269707385	0.09008099470087919	0.08812660361808823	0.08866669346780741	0.09652938155083862	0.08882846095010584	0.08047719062578158	0.0881141567900942	0.0	0.0006549092917913456	0.0013626634903727718	0.0008568323218740001	0.025196853171861294	0.0013026941702055973	0.031439077632565184	0.0009116944814632943	0.0005956056538366718	0.0021359437320772846	0.0017939311272667372	0.0014409812635131874	0.0029741033920443016	0.0008019569070175737	0.0010289971728657575	0.0005579209633431352	0.17833700876817565	0.18388206956120562	0.183059573209881	0.1850528242472548	0.18548930373583847	0.17739042485563164	0.18001808500749308	0.18864193146685518	0.17521254529343228	0.17424317594690214	0.17435294123711437	0.17771800719430123	0.167937318623576	0.17851103908515573	0.19210499474481496	0.201985963616722	0.1845758280097594	0.18502272068938305	0.19544515395620762	0.1844557332849726	0.19175114402684323	0.1927536198141687	0.07075407737172934	0.03659233075914165	0.039059411076835256	0.14830068704993377	0.03363912077724048	0.0939460508060055	0.07930543656468358	0.08292405482828916	0.08269831005335417	0.03795905026637968	0.058605732464203315	0.06601590364941474	0.034566704233602676	0.0564844816899993	0.038867022566033076	0.03356576763127653	0.09364935722244376	0.05269992390650698	0.029101576653776644	0.029290718920473715	0.029614226525126897	0.03324923978262116	0.06892010552431847	0.043423523699028445	0.04775845102849136	0.09790127261272707	0.09775360902331144	0.08562591729977775	0.07499583670048957	0.06919587857240786	0.029494851735731704	0.04900764214300373	0.06886642527532556	0.06486648225907701	0.0754604791013397	0.05427581286865505	0.04468977861867594	0.044902480548640475	0.05200727373061539	0.08370946225779628	0.0632658593338814	0.061722981916697534	0.072539171299576	0.053647073671142104	0.09637841077407201	0.05712670814356915	0.07853159680881437	0.11145117441949524	0.03397549880965812	0.0710116814551972	0.09501185240269491	0.06659037693521924	0.04998947936358421	0.032295140683768195	0.08001508042500798	0.08138003548409957	0.03059185067808683	0.0315077771391461	0.08536332103441477	0.04324111234904236	0.03410140767428028	0.06015566936637167	0.09236978083214394	0.04731003221764748	0.03987873469413714	0.03056438117278035	0.04868412358288808	0.06878842238726221	0.07666999169560933	0.045971389930265255	0.0839237373952576	0.03331354212543534	0.05749533795905574	0.07965926428135435	0.030787800328179044	0.030807448548061687	0.02748343045655991
9	0.08757555104585833	0.09040413578505119	0.0884431577762159	0.08899253665757964	0.09686108761456223	0.08915346170966748	0.08079286993158809	0.08843633319185662	0.0006549092917913456	0.0	0.0007959350478614795	0.0003219164395328044	0.02483234825745908	0.0007476830067884138	0.031044613998411096	0.001385929168861802	0.0008513797735999087	0.0017719427938454157	0.0018451032649776157	0.0008754003585122773	0.002687951703964755	0.001255531672660113	0.0007173060336417601	0.0011757571751514382	0.1787206503371238	0.18424898716848234	0.18343365918031784	0.18545217278966317	0.18586465357697138	0.1777659821870341	0.1803913540252541	0.18901274898924428	0.17560611932810413	0.1746247801471342	0.1747414985906205	0.17808174714709643	0.16831546065050704	0.17888165659516703	0.1924849935447223	0.20237606472165354	0.1849453314814158	0.1853963815408241	0.19581993860055555	0.18483872698804657	0.19213223963360182	0.1931894098528193	0.07026362980565883	0.035946778083374036	0.03841052811235397	0.1477969300856646	0.03299576571224103	0.09338674399757112	0.07872652327475645	0.08237149906977666	0.0829782623040122	0.037311940935384015	0.05872884581001412	0.06623468498332209	0.034035377772652066	0.05585845654965973	0.0382188239403788	0.03291764911386111	0.0930749590571476	0.05206468230969378	0.028486758013484773	0.02889754772258118	0.029079996766771626	0.032610537255178935	0.06910504891649966	0.04276892477313872	0.04710888024064841	0.09733217583985507	0.09719817849654887	0.08503401832722172	0.07438242498497678	0.0693984992392476	0.028844560696077527	0.04840792813345923	0.06909325115211795	0.06425248327898049	0.07486390371295883	0.053637685503921076	0.0440352240725724	0.04426403920620175	0.05137073618853252	0.08313857763511737	0.06263570797417752	0.06110467333741871	0.0719308037339031	0.05300807637194729	0.09579187789838889	0.056497183782652	0.07794150301980764	0.1109211349527953	0.033320600476447346	0.07123278132650543	0.09442401667406199	0.06595737358995958	0.049342693621322264	0.03181614370683246	0.08023382092766686	0.08164369827501491	0.030075086405130187	0.03089192778437043	0.08476653345800901	0.042595931327007286	0.03349991136289292	0.059515664168011254	0.0926247461906233	0.04666437480438161	0.039224527840214164	0.029961055502495035	0.048031728938293744	0.06819090426434354	0.07606417829586823	0.04532978500534198	0.08336185308651761	0.03270167073926501	0.05687498754734839	0.07994195241676444	0.030312474725323155	0.03028821703613845	0.02699182437590049
10	0.08832320896137566	0.09115296040003121	0.08918887115748166	0.08974264614227152	0.09761379915845517	0.08990317595173143	0.08153828749025976	0.08918473073589023	0.0013626634903727718	0.0007959350478614795	0.0	0.0009175258229621435	0.0240700451904124	6.51677565419801e-05	0.030269890419866215	0.002177951261511258	0.0012190656951154499	0.002122226929116196	0.0016638131186831962	7.991034061333751e-05	0.0020366576383504097	0.0016571672422972267	0.0005543965261731291	0.001918211547987515	0.17949404343526132	0.185016152257056	0.18420356508968494	0.1862308189311571	0.18663502569378448	0.17853644937364738	0.18116096025581255	0.1897814073197439	0.17638291427584518	0.1753974580172537	0.17551660880604045	0.17884767871067453	0.16908690221701317	0.17965026166479336	0.19325705706063856	0.20315165097303284	0.18571349566829465	0.18616612377503564	0.19659008003981573	0.18561187819485708	0.19290469911850464	0.19397790569816453	0.06946791042261735	0.035263815174701146	0.037884675185591826	0.14700103301825349	0.03250340436644338	0.09260048383127478	0.07794925145213623	0.08158294143501854	0.08370527316196565	0.036797709060138704	0.05935387258564842	0.06692612774393261	0.03385780842666714	0.055127658507978225	0.03769757209085139	0.032397814103079244	0.09229528104554559	0.05135167851087536	0.028106235442458084	0.028963677564652412	0.0288986984557127	0.03214071331651816	0.06977407952166556	0.04218206173807194	0.046443267124806766	0.096549936803264	0.09641056979442461	0.08426517833369378	0.07363386285678257	0.07007935977935931	0.028310231112067766	0.047645346678255554	0.0697896304018943	0.0635046385393985	0.07409869414867916	0.0529315332110261	0.04341477076625564	0.04355885115074941	0.05066073160110373	0.0823571490883148	0.06191214967714864	0.06036232999358703	0.07117658134431294	0.05230417151669524	0.09501929153900063	0.05577250234302103	0.07717134241968496	0.11012744460045035	0.032715083106475994	0.07192548286470901	0.09365230263916471	0.06523941142051322	0.048664091722913146	0.031739415364691055	0.08092471458098267	0.08236166843519929	0.029928493074810807	0.030507255156627257	0.08400150612314972	0.041911317671788496	0.033157178946973925	0.0588143692608712	0.09333745810766185	0.045981408356385416	0.03859767108457477	0.029614379128194236	0.04738437217819955	0.06742646720733324	0.07530732822222712	0.044633309061373395	0.08257654752547514	0.0323288075967751	0.056135479276549334	0.08067051184486587	0.030243056426899662	0.03013664877192766	0.02689492097461128
11	0.08740568510000046	0.09023545291434577	0.08827135684684166	0.08882517730837208	0.09669647455195508	0.08898569293486092	0.08062077778217383	0.08826721537210028	0.0008568323218740001	0.0003219164395328044	0.0009175258229621435	0.0	0.024986276390814684	0.0008874737751947611	0.03118140926792572	0.0013971134283872837	0.0011628029524091196	0.0014506473005035376	0.0021590690690200835	0.000989721552789399	0.0029118661057360505	0.0015485283982924274	0.0009967778512879678	0.001299262444326926	0.17858235259355323	0.18410168509690156	0.183290170092875	0.18532260261880856	0.18572183404185033	0.17762330336374646	0.18024743861147094	0.18886749605354436	0.17547333121368197	0.1744853855778242	0.1746059215234061	0.17793279747069332	0.1681742127789178	0.178736332942006	0.19234466247995236	0.2022412499248614	0.18479939448314464	0.18525265793607512	0.19567678302460131	0.18470005279026988	0.19199250581544608	0.1930814153168484	0.07033738307925827	0.03584442529568925	0.03822032476822078	0.1478599724535963	0.0327921569210553	0.09340350537490606	0.07872392794799928	0.08239469922470337	0.08278980998353117	0.03711687053513784	0.05848158160665897	0.06602118173035226	0.03374470483916646	0.05579578462987698	0.03802665612872806	0.03272534867953628	0.09307686301075255	0.05198554940645929	0.028244803166226882	0.028578651234555965	0.028790317040676548	0.03239826935106734	0.06887871593132071	0.04260720134529686	0.046993450570987735	0.09733939062681256	0.09721852822511877	0.08501703321002727	0.07433845964803114	0.06917871991266537	0.028659044240416594	0.04838250485997808	0.06888284747092802	0.06420787977494982	0.07484159140749372	0.053552612989771646	0.043891691085418544	0.044178576920378805	0.051289025904554135	0.08314418421727411	0.0625658303352611	0.06105392195961662	0.0718937362207398	0.0529211508562751	0.09578082193649533	0.056428545438969385	0.07792668613162246	0.11096362308013431	0.033169533533304096	0.07102007487965849	0.09441152591906372	0.06588224099365042	0.04923631282918688	0.031510203575284224	0.0800200287779911	0.08144820674154146	0.029779359622867402	0.030650968234494976	0.08474381988426695	0.042494330787489855	0.03324652309850045	0.059426370413870576	0.09242542009930649	0.046561324226927124	0.039085034839395204	0.02970908757584865	0.04790422353018879	0.06816758602213134	0.07603038394845835	0.04523716994285582	0.08337629553588355	0.032456979368743796	0.05682127487243918	0.07975476002499345	0.030005688557644024	0.02999329374456244	0.026688822506250764
12	0.11236761054780332	0.11520121667741362	0.11322580202608458	0.1137951111778434	0.12167314779796959	0.11395440568826946	0.10557485865097034	0.11323166811386584	0.025196853171861294	0.02483234825745908	0.0240700451904124	0.024986276390814684	0.0	0.02410501086878152	0.0064222251609803984	0.026108451421505006	0.02468346254682372	0.025801435007752598	0.023636007593000177	0.02399668998558876	0.022226502329513696	0.0248447308345974	0.024190463499498892	0.02569494886794138	0.20352787976070044	0.2090782364853143	0.2082561021279656	0.2102181980911893	0.21068548454559433	0.20258655302082595	0.2052147730192001	0.21383878038173398	0.20038986298176809	0.1994358835719815	0.19953813336757123	0.20291276722377474	0.193132362113666	0.20370787959659362	0.2172988035533952	0.22716855041350234	0.20977257567796553	0.21021933561951975	0.2206414902481352	0.20964716920152363	0.21694414889501312	0.21777459175018776	0.04674241735415933	0.0263012720897836	0.03571114866102835	0.12426303976389598	0.03291342182855418	0.07173865277980929	0.05821368259644433	0.06058721408657907	0.10763893358363105	0.035316947034753784	0.08227536934252205	0.09057320274206603	0.043135855563546	0.0400015488629374	0.03574497417852692	0.031828871761041766	0.07209806816184333	0.037752723231350406	0.03338115406826391	0.044188976545847615	0.03906077903701405	0.03344182292318065	0.09317935399934005	0.03658733152904957	0.036254591691340744	0.07605933723538194	0.07535800626358041	0.06512809642201162	0.05629208468081484	0.09361273408868565	0.028526040643159497	0.030704094272652298	0.09347939688672205	0.04663443194133366	0.0554957006211846	0.03960645994483619	0.036033482172232484	0.03146780374673083	0.03732634081295853	0.06213908417712223	0.046790011276427054	0.04406243365525541	0.05351247898205722	0.039180102826231876	0.07540106058500566	0.04100785689471962	0.05808047357498334	0.08813737234227655	0.028510467862816906	0.09557631085002023	0.07412445016817858	0.05027716193146281	0.03744970338068116	0.04369011877395743	0.104543898584005	0.10622854606938638	0.04066538035843117	0.034974582720599896	0.06517089608965057	0.031369551268027054	0.038201424238276306	0.045279683797789724	0.11715352600193028	0.034878377320771606	0.031839391965911686	0.03541778528947272	0.03803740440321696	0.04910452348535174	0.05731368371457296	0.03292177391598596	0.06194944079264438	0.03668131190752722	0.04031960103104424	0.1046159562545283	0.04260164924945151	0.040719789248720745	0.03931990295944458
13	0.08829123617748676	0.09112074690343712	0.08915729886085626	0.08971016143605068	0.0975807633225618	0.08987077477832268	0.08150676879261262	0.089152604933896	0.0013026941702055973	0.0007476830067884138	6.51677565419801e-05	0.0008874737751947611	0.02410501086878152	0.0	0.030308186122642345	0.0021256436305120757	0.0011540204456433154	0.0021281979705649007	0.0016221814331350887	0.00013870099699040027	0.002047060820443835	0.0015924017259817643	0.0004938751904140163	0.0018590204156618058	0.17945599478941685	0.18497976583363093	0.1841664672679545	0.1861912169495012	0.18659780422147906	0.17849920156415197	0.1811239412577142	0.18974463747443862	0.17634387864329548	0.17535960839436146	0.17547806994798928	0.17881160268630666	0.16904939083585416	0.17961350443218713	0.1932193787829506	0.20311297602522968	0.1856768533265133	0.18612906947864813	0.19655292107541059	0.18557389796830923	0.19286691182083082	0.1939346915184654	0.06951637436005656	0.035328109456247536	0.03794913365917453	0.147050909583689	0.03256721968922316	0.09265596549540867	0.07800672455248353	0.0816377356622139	0.08367727884883268	0.036861966856411944	0.059341077639231646	0.06690402920044848	0.03390978463796637	0.05518993991636347	0.03776195421841735	0.03246215906128012	0.09235229390193161	0.051414900193749426	0.02816687078900682	0.029001179611168916	0.028950790807325925	0.03220401369929535	0.06975533070524668	0.04224718025581652	0.046507934420574056	0.09660641172404345	0.09646565876623478	0.08432396913009112	0.07369484398374067	0.07005887669929785	0.028374798196042862	0.047704957498037256	0.06976676733444037	0.0635656877162176	0.07415796409665973	0.052995044004659764	0.043479915619374206	0.04362241134424879	0.05072408550226494	0.08241380579417876	0.061974840936346955	0.06042382061430519	0.07123705171913641	0.052367771116231636	0.09507753503001747	0.05583513794378765	0.0772299522139046	0.11017996440986746	0.03278025004055285	0.0719031996988889	0.09371067856798067	0.06530238801097582	0.04872847930220414	0.03178588767864899	0.08090272753643964	0.08233526972146772	0.029978803838376353	0.03056805419498345	0.08406079338267823	0.041975557799637304	0.03321649830348424	0.05887806141607891	0.09331196904335949	0.04604568787669865	0.038662789686906895	0.02967381356199317	0.04744931414931535	0.06748583664923895	0.07536753639006033	0.04469718529679513	0.08263228980863696	0.032389215305130774	0.05619718265935822	0.08064223275866682	0.03028907839156314	0.030187226027241398	0.02694244987218697
14	0.11844628659817368	0.12128563456223913	0.11929287966944453	0.11988752268843059	0.1277786622400519	0.12004445531781593	0.11164370279315416	0.11931430538107984	0.031439077632565184	0.031044613998411096	0.030269890419866215	0.03118140926792572	0.0064222251609803984	0.030308186122642345	0.0	0.032348697785947046	0.030942363086442947	0.0319174718474399	0.029925657682129275	0.030194704381173568	0.028481654359640767	0.031124189023430893	0.03042235252163712	0.03194962083288372	0.2097637604212101	0.21527034929125802	0.2144674361160519	0.21649190008963376	0.21690010960121364	0.2088018083503563	0.21142399836264256	0.22004133208257887	0.2066498498359355	0.20566663927704568	0.20578608865797085	0.20909638001689074	0.19935435949344776	0.20991010043512348	0.22352546270653367	0.23342065327752595	0.2159716772138652	0.21642952138945448	0.22685451940919893	0.21588144889389702	0.2231736219244945	0.224122562390999	0.04036986700124096	0.025323553796452885	0.0359648787068079	0.1178564388539394	0.03413206754776072	0.0656388570912993	0.052422979356220666	0.05449392701849299	0.11360373111791043	0.03580079296626172	0.08778740763236027	0.09637589379290251	0.045883731904520324	0.03588325983172691	0.036059881288877535	0.032879114822382476	0.06613547225993704	0.03423789393680431	0.03581146570243576	0.04822287031999623	0.04222366321211052	0.03485405324489718	0.09886339687239347	0.03575294580812254	0.03396871214665062	0.07002313647286382	0.06921269639067672	0.05944186385267536	0.051153708556945524	0.0993552936895156	0.030153806101805136	0.02633773746325585	0.09930085102133464	0.04178265043660811	0.05001967487143811	0.03610240940551046	0.03467739385159849	0.028852145001212366	0.033921339287450704	0.056211561660795786	0.04247448480959176	0.039444457282348244	0.048317808854680185	0.035761214593282555	0.06955402737814019	0.036974266740309944	0.05245350086813808	0.08182027193831395	0.02884689100429975	0.10137485653104164	0.06830262789876371	0.04593111281125209	0.03475287738265366	0.04702525185070839	0.11031634941982159	0.11214496056902207	0.043870289809997354	0.037075072095146454	0.05956000204904925	0.02931148407038749	0.040210870784890745	0.041503936679285154	0.12302936277056538	0.032370997802976156	0.031016896553531126	0.03781117214293004	0.035921569050177696	0.04378011020132182	0.05198441613351508	0.030334929093822387	0.05593060902373071	0.038623530333256675	0.03596219212676712	0.11059188584953682	0.046074752272232976	0.04388742321522336	0.04296317416018844
15	0.08634607205818394	0.08917178351399414	0.08721824028745716	0.08775717459598373	0.09561924075543134	0.08791903663029002	0.0795689760665636	0.08720506700397258	0.0009116944814632943	0.001385929168861802	0.002177951261511258	0.0013971134283872837	0.026108451421505006	0.0021256436305120757	0.032348697785947046	0.0	0.0014605818346633043	0.002094552481322762	0.002635616708694794	0.002257822907064571	0.0038854317950880045	0.0014677811827991023	0.0019289525411189227	0.00049342697727657	0.17742597826128198	0.1829703970187257	0.18214806567978523	0.1841432519243871	0.18457784272418348	0.17647897058652495	0.17910654998363784	0.18773032897319145	0.17430233432323353	0.17333201731350092	0.1734422734696599	0.17680631318666726	0.16702597434990385	0.1775994308412077	0.19119374961211158	0.20107543574278394	0.1836641962924774	0.1841111990660692	0.1945336730590866	0.18354466242348724	0.19083995985676824	0.19185095000414187	0.07163478223684146	0.037222391659596774	0.0394658682522632	0.1491738374330159	0.03400453011694793	0.0947720181046228	0.0801067610298454	0.08375734333772246	0.08179671842396288	0.03835064122798668	0.05776806416950035	0.06513302480785635	0.034549037347094615	0.05719165399886791	0.03926746631878755	0.03396702606879986	0.09445682511377473	0.05337652941811744	0.029330330568154574	0.02900672994552897	0.029606309464563833	0.03358593792881697	0.06805091903653222	0.04391134418683795	0.048359845875406184	0.09871559801771373	0.0985838414373721	0.08640735050517329	0.07573540791833805	0.0683192034525314	0.02991782515482746	0.049775837743680516	0.06798057094928954	0.06560486193963483	0.07623396543863394	0.05494086119725647	0.04522484096398215	0.045566773160359904	0.0526788998845824	0.0845215511010401	0.06395997540772683	0.062451015957208866	0.07328990155087452	0.054308456034766056	0.09716840675666182	0.057823064224984365	0.07931603785229623	0.11230538145157526	0.03449256494607042	0.07012784610017489	0.09579981652195461	0.06727466587171999	0.05061065428421154	0.03216502759415219	0.07913196113310748	0.08048252399410845	0.030542894458245377	0.0317392549581187	0.08613635351781378	0.043872592463091734	0.03427943881525412	0.06081230028285012	0.09147459910769616	0.04793837208510833	0.04042419436503093	0.03075043386273069	0.04925783485968774	0.06956029513223665	0.07742596231455579	0.0466213898271464	0.08474677758275179	0.033528967417286774	0.0582182456065783	0.07875707376017738	0.030651275573422152	0.03076391744072857	0.02738239897646548
